679 1687
1 14 0.055556 1.000000
14 1 1.000000 0.055556
2 8 0.083333 0.200000
8 2 0.200000 0.083333
2 285 0.500000 0.200000
285 2 0.200000 0.500000
2 397 0.142857 0.200000
397 2 0.200000 0.142857
2 448 0.100000 0.200000
448 2 0.200000 0.100000
2 591 0.142857 0.200000
591 2 0.200000 0.142857
3 18 0.052632 0.250000
18 3 0.250000 0.052632
3 174 0.032258 0.250000
174 3 0.250000 0.032258
3 268 1.000000 0.250000
268 3 0.250000 1.000000
3 441 0.250000 0.250000
441 3 0.250000 0.250000
4 159 0.333333 1.000000
159 4 1.000000 0.333333
5 11 0.500000 0.200000
11 5 0.200000 0.500000
5 234 0.125000 0.200000
234 5 0.200000 0.125000
5 258 0.111111 0.200000
258 5 0.200000 0.111111
5 259 0.500000 0.200000
259 5 0.200000 0.500000
5 518 1.000000 0.200000
518 5 0.200000 1.000000
6 130 0.030303 0.142857
130 6 0.142857 0.030303
6 302 0.142857 0.142857
302 6 0.142857 0.142857
6 329 0.090909 0.142857
329 6 0.142857 0.090909
6 407 0.142857 0.142857
407 6 0.142857 0.142857
6 439 0.250000 0.142857
439 6 0.142857 0.250000
6 478 0.050000 0.142857
478 6 0.142857 0.050000
6 642 0.015873 0.142857
642 6 0.142857 0.015873
7 645 0.333333 1.000000
645 7 1.000000 0.333333
8 46 0.333333 0.083333
46 8 0.083333 0.333333
8 197 0.055556 0.083333
197 8 0.083333 0.055556
8 209 0.250000 0.083333
209 8 0.083333 0.250000
8 237 0.166667 0.083333
237 8 0.083333 0.166667
8 355 0.250000 0.083333
355 8 0.083333 0.250000
8 397 0.142857 0.083333
397 8 0.083333 0.142857
8 448 0.100000 0.083333
448 8 0.083333 0.100000
8 473 0.333333 0.083333
473 8 0.083333 0.333333
8 540 0.030303 0.083333
540 8 0.083333 0.030303
8 571 0.333333 0.083333
571 8 0.083333 0.333333
8 591 0.142857 0.083333
591 8 0.083333 0.142857
9 52 0.083333 0.500000
52 9 0.500000 0.083333
9 270 0.142857 0.500000
270 9 0.500000 0.142857
10 348 0.071429 0.500000
348 10 0.500000 0.071429
10 659 0.250000 0.500000
659 10 0.500000 0.250000
11 234 0.125000 0.500000
234 11 0.500000 0.125000
12 163 0.166667 0.142857
163 12 0.142857 0.166667
12 226 0.029412 0.142857
226 12 0.142857 0.029412
12 301 0.166667 0.142857
301 12 0.142857 0.166667
12 478 0.050000 0.142857
478 12 0.142857 0.050000
12 501 0.111111 0.142857
501 12 0.142857 0.111111
12 622 0.100000 0.142857
622 12 0.142857 0.100000
12 632 0.250000 0.142857
632 12 0.142857 0.250000
13 98 0.076923 0.125000
98 13 0.125000 0.076923
13 206 0.043478 0.125000
206 13 0.125000 0.043478
13 269 0.200000 0.125000
269 13 0.125000 0.200000
13 454 0.100000 0.125000
454 13 0.125000 0.100000
13 484 0.333333 0.125000
484 13 0.125000 0.333333
13 562 0.142857 0.125000
562 13 0.125000 0.142857
13 619 0.200000 0.125000
619 13 0.125000 0.200000
13 642 0.015873 0.125000
642 13 0.125000 0.015873
14 79 0.500000 0.055556
79 14 0.055556 0.500000
14 114 0.041667 0.055556
114 14 0.055556 0.041667
14 226 0.029412 0.055556
226 14 0.055556 0.029412
14 262 0.125000 0.055556
262 14 0.055556 0.125000
14 305 0.031250 0.055556
305 14 0.055556 0.031250
14 334 0.142857 0.055556
334 14 0.055556 0.142857
14 377 0.166667 0.055556
377 14 0.055556 0.166667
14 478 0.050000 0.055556
478 14 0.055556 0.050000
14 481 0.076923 0.055556
481 14 0.055556 0.076923
14 491 0.071429 0.055556
491 14 0.055556 0.071429
14 568 0.166667 0.055556
568 14 0.055556 0.166667
14 585 0.250000 0.055556
585 14 0.055556 0.250000
14 590 0.035714 0.055556
590 14 0.055556 0.035714
14 594 0.100000 0.055556
594 14 0.055556 0.100000
14 611 0.076923 0.055556
611 14 0.055556 0.076923
14 642 0.015873 0.055556
642 14 0.055556 0.015873
14 649 0.111111 0.055556
649 14 0.055556 0.111111
15 154 0.500000 0.500000
154 15 0.500000 0.500000
15 655 0.076923 0.500000
655 15 0.500000 0.076923
16 149 0.090909 0.333333
149 16 0.333333 0.090909
16 576 0.062500 0.333333
576 16 0.333333 0.062500
16 642 0.015873 0.333333
642 16 0.333333 0.015873
17 172 0.333333 0.142857
172 17 0.142857 0.333333
17 199 0.166667 0.142857
199 17 0.142857 0.166667
17 220 0.166667 0.142857
220 17 0.142857 0.166667
17 312 0.142857 0.142857
312 17 0.142857 0.142857
17 391 0.125000 0.142857
391 17 0.142857 0.125000
17 623 0.066667 0.142857
623 17 0.142857 0.066667
17 630 0.076923 0.142857
630 17 0.142857 0.076923
18 67 0.066667 0.052632
67 18 0.052632 0.066667
18 129 1.000000 0.052632
129 18 0.052632 1.000000
18 164 0.062500 0.052632
164 18 0.052632 0.062500
18 198 1.000000 0.052632
198 18 0.052632 1.000000
18 227 0.166667 0.052632
227 18 0.052632 0.166667
18 248 0.111111 0.052632
248 18 0.052632 0.111111
18 269 0.200000 0.052632
269 18 0.052632 0.200000
18 291 0.333333 0.052632
291 18 0.052632 0.333333
18 330 0.125000 0.052632
330 18 0.052632 0.125000
18 331 0.200000 0.052632
331 18 0.052632 0.200000
18 348 0.071429 0.052632
348 18 0.052632 0.071429
18 349 0.100000 0.052632
349 18 0.052632 0.100000
18 439 0.250000 0.052632
439 18 0.052632 0.250000
18 441 0.250000 0.052632
441 18 0.052632 0.250000
18 465 0.333333 0.052632
465 18 0.052632 0.333333
18 479 0.250000 0.052632
479 18 0.052632 0.250000
18 619 0.200000 0.052632
619 18 0.052632 0.200000
18 621 0.111111 0.052632
621 18 0.052632 0.111111
19 123 0.090909 0.058824
123 19 0.058824 0.090909
19 130 0.030303 0.058824
130 19 0.058824 0.030303
19 149 0.090909 0.058824
149 19 0.058824 0.090909
19 227 0.166667 0.058824
227 19 0.058824 0.166667
19 233 0.333333 0.058824
233 19 0.058824 0.333333
19 252 0.142857 0.058824
252 19 0.058824 0.142857
19 267 0.125000 0.058824
267 19 0.058824 0.125000
19 314 0.200000 0.058824
314 19 0.058824 0.200000
19 384 0.090909 0.058824
384 19 0.058824 0.090909
19 516 0.111111 0.058824
516 19 0.058824 0.111111
19 536 0.058824 0.058824
536 19 0.058824 0.058824
19 540 0.030303 0.058824
540 19 0.058824 0.030303
19 561 0.250000 0.058824
561 19 0.058824 0.250000
19 577 0.166667 0.058824
577 19 0.058824 0.166667
19 590 0.035714 0.058824
590 19 0.058824 0.035714
19 600 0.500000 0.058824
600 19 0.058824 0.500000
19 644 0.076923 0.058824
644 19 0.058824 0.076923
20 59 0.062500 0.100000
59 20 0.100000 0.062500
20 80 0.142857 0.100000
80 20 0.100000 0.142857
20 130 0.030303 0.100000
130 20 0.100000 0.030303
20 181 1.000000 0.100000
181 20 0.100000 1.000000
20 235 0.125000 0.100000
235 20 0.100000 0.125000
20 308 0.166667 0.100000
308 20 0.100000 0.166667
20 455 0.125000 0.100000
455 20 0.100000 0.125000
20 532 0.111111 0.100000
532 20 0.100000 0.111111
20 547 0.090909 0.100000
547 20 0.100000 0.090909
20 627 0.100000 0.100000
627 20 0.100000 0.100000
21 25 0.062500 0.200000
25 21 0.200000 0.062500
21 141 0.100000 0.200000
141 21 0.200000 0.100000
21 212 0.125000 0.200000
212 21 0.200000 0.125000
21 436 0.333333 0.200000
436 21 0.200000 0.333333
21 464 0.200000 0.200000
464 21 0.200000 0.200000
22 164 0.062500 0.142857
164 22 0.142857 0.062500
22 242 0.166667 0.142857
242 22 0.142857 0.166667
22 348 0.071429 0.142857
348 22 0.142857 0.071429
22 470 0.333333 0.142857
470 22 0.142857 0.333333
22 547 0.090909 0.142857
547 22 0.142857 0.090909
22 584 0.166667 0.142857
584 22 0.142857 0.166667
22 599 1.000000 0.142857
599 22 0.142857 1.000000
23 67 0.066667 0.090909
67 23 0.090909 0.066667
23 177 0.200000 0.090909
177 23 0.090909 0.200000
23 203 0.031250 0.090909
203 23 0.090909 0.031250
23 305 0.031250 0.090909
305 23 0.090909 0.031250
23 358 0.100000 0.090909
358 23 0.090909 0.100000
23 486 0.250000 0.090909
486 23 0.090909 0.250000
23 519 0.083333 0.090909
519 23 0.090909 0.083333
23 564 0.142857 0.090909
564 23 0.090909 0.142857
23 611 0.076923 0.090909
611 23 0.090909 0.076923
23 613 0.500000 0.090909
613 23 0.090909 0.500000
23 644 0.076923 0.090909
644 23 0.090909 0.076923
24 98 0.076923 1.000000
98 24 1.000000 0.076923
25 82 0.333333 0.062500
82 25 0.062500 0.333333
25 120 0.071429 0.062500
120 25 0.062500 0.071429
25 141 0.100000 0.062500
141 25 0.062500 0.100000
25 174 0.032258 0.062500
174 25 0.062500 0.032258
25 203 0.031250 0.062500
203 25 0.062500 0.031250
25 212 0.125000 0.062500
212 25 0.062500 0.125000
25 261 0.200000 0.062500
261 25 0.062500 0.200000
25 271 0.041667 0.062500
271 25 0.062500 0.041667
25 276 0.125000 0.062500
276 25 0.062500 0.125000
25 398 0.333333 0.062500
398 25 0.062500 0.333333
25 421 0.500000 0.062500
421 25 0.062500 0.500000
25 466 0.111111 0.062500
466 25 0.062500 0.111111
25 501 0.111111 0.062500
501 25 0.062500 0.111111
25 502 0.038462 0.062500
502 25 0.062500 0.038462
25 615 0.023810 0.062500
615 25 0.062500 0.023810
26 164 0.062500 0.125000
164 26 0.125000 0.062500
26 233 0.333333 0.125000
233 26 0.125000 0.333333
26 264 0.142857 0.125000
264 26 0.125000 0.142857
26 273 0.250000 0.125000
273 26 0.125000 0.250000
26 276 0.125000 0.125000
276 26 0.125000 0.125000
26 305 0.031250 0.125000
305 26 0.125000 0.031250
26 354 0.250000 0.125000
354 26 0.125000 0.250000
26 594 0.100000 0.125000
594 26 0.125000 0.100000
27 390 0.500000 0.500000
390 27 0.500000 0.500000
27 410 0.333333 0.500000
410 27 0.500000 0.333333
28 55 0.200000 0.500000
55 28 0.500000 0.200000
28 271 0.041667 0.500000
271 28 0.500000 0.041667
29 628 0.500000 0.500000
628 29 0.500000 0.500000
29 670 0.333333 0.500000
670 29 0.500000 0.333333
30 130 0.030303 0.500000
130 30 0.500000 0.030303
30 477 0.200000 0.500000
477 30 0.500000 0.200000
31 451 0.250000 1.000000
451 31 1.000000 0.250000
32 121 0.250000 0.200000
121 32 0.200000 0.250000
32 134 0.083333 0.200000
134 32 0.200000 0.083333
32 226 0.029412 0.200000
226 32 0.200000 0.029412
32 434 0.111111 0.200000
434 32 0.200000 0.111111
32 589 0.200000 0.200000
589 32 0.200000 0.200000
33 308 0.166667 0.250000
308 33 0.250000 0.166667
33 399 0.166667 0.250000
399 33 0.250000 0.166667
33 565 0.250000 0.250000
565 33 0.250000 0.250000
33 630 0.076923 0.250000
630 33 0.250000 0.076923
34 177 0.200000 0.333333
177 34 0.333333 0.200000
34 217 0.500000 0.333333
217 34 0.333333 0.500000
34 670 0.333333 0.333333
670 34 0.333333 0.333333
35 142 0.500000 0.500000
142 35 0.500000 0.500000
35 346 1.000000 0.500000
346 35 0.500000 1.000000
36 253 0.333333 1.000000
253 36 1.000000 0.333333
37 478 0.050000 1.000000
478 37 1.000000 0.050000
38 255 0.500000 0.333333
255 38 0.333333 0.500000
38 290 0.166667 0.333333
290 38 0.333333 0.166667
38 452 0.076923 0.333333
452 38 0.333333 0.076923
39 98 0.076923 0.333333
98 39 0.333333 0.076923
39 533 0.090909 0.333333
533 39 0.333333 0.090909
39 643 1.000000 0.333333
643 39 0.333333 1.000000
40 231 0.166667 1.000000
231 40 1.000000 0.166667
41 510 0.500000 1.000000
510 41 1.000000 0.500000
42 52 0.083333 0.111111
52 42 0.111111 0.083333
42 95 0.066667 0.111111
95 42 0.111111 0.066667
42 114 0.041667 0.111111
114 42 0.111111 0.041667
42 115 0.250000 0.111111
115 42 0.111111 0.250000
42 296 0.100000 0.111111
296 42 0.111111 0.100000
42 363 0.111111 0.111111
363 42 0.111111 0.111111
42 440 1.000000 0.111111
440 42 0.111111 1.000000
42 451 0.250000 0.111111
451 42 0.111111 0.250000
42 517 0.333333 0.111111
517 42 0.111111 0.333333
43 203 0.031250 0.500000
203 43 0.500000 0.031250
43 615 0.023810 0.500000
615 43 0.500000 0.023810
44 46 0.333333 0.071429
46 44 0.071429 0.333333
44 73 0.250000 0.071429
73 44 0.071429 0.250000
44 144 0.333333 0.071429
144 44 0.071429 0.333333
44 197 0.055556 0.071429
197 44 0.071429 0.055556
44 201 0.333333 0.071429
201 44 0.071429 0.333333
44 316 0.500000 0.071429
316 44 0.071429 0.500000
44 386 0.250000 0.071429
386 44 0.071429 0.250000
44 497 0.052632 0.071429
497 44 0.071429 0.052632
44 509 0.333333 0.071429
509 44 0.071429 0.333333
44 540 0.030303 0.071429
540 44 0.071429 0.030303
44 548 0.090909 0.071429
548 44 0.071429 0.090909
44 627 0.100000 0.071429
627 44 0.071429 0.100000
44 655 0.076923 0.071429
655 44 0.071429 0.076923
44 677 0.055556 0.071429
677 44 0.071429 0.055556
45 380 0.500000 1.000000
380 45 1.000000 0.500000
46 540 0.030303 0.333333
540 46 0.333333 0.030303
47 92 0.250000 0.333333
92 47 0.333333 0.250000
47 520 0.250000 0.333333
520 47 0.333333 0.250000
47 606 0.250000 0.333333
606 47 0.333333 0.250000
48 595 0.500000 1.000000
595 48 1.000000 0.500000
49 370 0.333333 1.000000
370 49 1.000000 0.333333
50 176 0.111111 0.333333
176 50 0.333333 0.111111
50 550 0.142857 0.333333
550 50 0.333333 0.142857
50 635 0.333333 0.333333
635 50 0.333333 0.333333
51 182 0.333333 0.500000
182 51 0.500000 0.333333
51 553 0.250000 0.500000
553 51 0.500000 0.250000
52 114 0.041667 0.083333
114 52 0.083333 0.041667
52 200 0.333333 0.083333
200 52 0.083333 0.333333
52 290 0.166667 0.083333
290 52 0.083333 0.166667
52 296 0.100000 0.083333
296 52 0.083333 0.100000
52 363 0.111111 0.083333
363 52 0.083333 0.111111
52 427 0.250000 0.083333
427 52 0.083333 0.250000
52 451 0.250000 0.083333
451 52 0.083333 0.250000
52 452 0.076923 0.083333
452 52 0.083333 0.076923
52 531 1.000000 0.083333
531 52 0.083333 1.000000
52 558 1.000000 0.083333
558 52 0.083333 1.000000
53 539 0.500000 1.000000
539 53 1.000000 0.500000
54 73 0.250000 1.000000
73 54 1.000000 0.250000
55 67 0.066667 0.200000
67 55 0.200000 0.066667
55 147 0.111111 0.200000
147 55 0.200000 0.111111
55 478 0.050000 0.200000
478 55 0.200000 0.050000
55 491 0.071429 0.200000
491 55 0.200000 0.071429
56 502 0.038462 1.000000
502 56 1.000000 0.038462
57 534 0.125000 1.000000
534 57 1.000000 0.125000
58 67 0.066667 0.200000
67 58 0.200000 0.066667
58 122 0.142857 0.200000
122 58 0.200000 0.142857
58 348 0.071429 0.200000
348 58 0.200000 0.071429
58 453 0.125000 0.200000
453 58 0.200000 0.125000
58 630 0.076923 0.200000
630 58 0.200000 0.076923
59 98 0.076923 0.062500
98 59 0.062500 0.076923
59 101 0.333333 0.062500
101 59 0.062500 0.333333
59 153 0.250000 0.062500
153 59 0.062500 0.250000
59 173 0.142857 0.062500
173 59 0.062500 0.142857
59 197 0.055556 0.062500
197 59 0.062500 0.055556
59 237 0.166667 0.062500
237 59 0.062500 0.166667
59 260 0.250000 0.062500
260 59 0.062500 0.250000
59 294 0.076923 0.062500
294 59 0.062500 0.076923
59 371 0.166667 0.062500
371 59 0.062500 0.166667
59 387 0.142857 0.062500
387 59 0.062500 0.142857
59 419 0.333333 0.062500
419 59 0.062500 0.333333
59 435 0.333333 0.062500
435 59 0.062500 0.333333
59 448 0.100000 0.062500
448 59 0.062500 0.100000
59 627 0.100000 0.062500
627 59 0.062500 0.100000
59 655 0.076923 0.062500
655 59 0.062500 0.076923
60 598 0.083333 1.000000
598 60 1.000000 0.083333
61 480 0.500000 1.000000
480 61 1.000000 0.500000
62 91 0.166667 0.333333
91 62 0.333333 0.166667
62 227 0.166667 0.333333
227 62 0.333333 0.166667
62 309 0.333333 0.333333
309 62 0.333333 0.333333
63 398 0.333333 0.500000
398 63 0.500000 0.333333
63 560 0.058824 0.500000
560 63 0.500000 0.058824
64 224 0.071429 0.200000
224 64 0.200000 0.071429
64 286 0.166667 0.200000
286 64 0.200000 0.166667
64 304 0.142857 0.200000
304 64 0.200000 0.142857
64 381 0.083333 0.200000
381 64 0.200000 0.083333
64 514 0.090909 0.200000
514 64 0.200000 0.090909
65 107 0.250000 1.000000
107 65 1.000000 0.250000
66 174 0.032258 0.333333
174 66 0.333333 0.032258
66 355 0.250000 0.333333
355 66 0.333333 0.250000
66 615 0.023810 0.333333
615 66 0.333333 0.023810
67 122 0.142857 0.066667
122 67 0.066667 0.142857
67 164 0.062500 0.066667
164 67 0.066667 0.062500
67 177 0.200000 0.066667
177 67 0.066667 0.200000
67 305 0.031250 0.066667
305 67 0.066667 0.031250
67 348 0.071429 0.066667
348 67 0.066667 0.071429
67 349 0.100000 0.066667
349 67 0.066667 0.100000
67 453 0.125000 0.066667
453 67 0.066667 0.125000
67 560 0.058824 0.066667
560 67 0.066667 0.058824
67 590 0.035714 0.066667
590 67 0.066667 0.035714
67 621 0.111111 0.066667
621 67 0.066667 0.111111
67 642 0.015873 0.066667
642 67 0.066667 0.015873
68 258 0.111111 0.500000
258 68 0.500000 0.111111
68 497 0.052632 0.500000
497 68 0.500000 0.052632
69 190 0.200000 0.500000
190 69 0.500000 0.200000
69 365 0.333333 0.500000
365 69 0.500000 0.333333
70 184 0.200000 0.333333
184 70 0.333333 0.200000
70 614 0.500000 0.333333
614 70 0.333333 0.500000
70 642 0.015873 0.333333
642 70 0.333333 0.015873
71 120 0.071429 0.142857
120 71 0.142857 0.071429
71 174 0.032258 0.142857
174 71 0.142857 0.032258
71 305 0.031250 0.142857
305 71 0.142857 0.031250
71 306 0.166667 0.142857
306 71 0.142857 0.166667
71 330 0.125000 0.142857
330 71 0.142857 0.125000
71 578 0.500000 0.142857
578 71 0.142857 0.500000
71 579 0.250000 0.142857
579 71 0.142857 0.250000
72 164 0.062500 1.000000
164 72 1.000000 0.062500
73 497 0.052632 0.250000
497 73 0.250000 0.052632
73 637 0.125000 0.250000
637 73 0.250000 0.125000
74 308 0.166667 0.333333
308 74 0.333333 0.166667
74 547 0.090909 0.333333
547 74 0.333333 0.090909
74 598 0.083333 0.333333
598 74 0.333333 0.083333
75 224 0.071429 0.500000
224 75 0.500000 0.071429
75 307 0.250000 0.500000
307 75 0.500000 0.250000
76 205 1.000000 0.333333
205 76 0.333333 1.000000
76 504 1.000000 0.333333
504 76 0.333333 1.000000
76 623 0.066667 0.333333
623 76 0.333333 0.066667
77 242 0.166667 1.000000
242 77 1.000000 0.166667
78 158 0.333333 0.200000
158 78 0.200000 0.333333
78 197 0.055556 0.200000
197 78 0.200000 0.055556
78 462 0.250000 0.200000
462 78 0.200000 0.250000
78 562 0.142857 0.200000
562 78 0.200000 0.142857
78 627 0.100000 0.200000
627 78 0.200000 0.100000
79 656 0.142857 0.500000
656 79 0.500000 0.142857
80 130 0.030303 0.142857
130 80 0.142857 0.030303
80 235 0.125000 0.142857
235 80 0.142857 0.125000
80 302 0.142857 0.142857
302 80 0.142857 0.142857
80 458 0.111111 0.142857
458 80 0.142857 0.111111
80 532 0.111111 0.142857
532 80 0.142857 0.111111
80 630 0.076923 0.142857
630 80 0.142857 0.076923
81 97 0.125000 0.062500
97 81 0.062500 0.125000
81 130 0.030303 0.062500
130 81 0.062500 0.030303
81 236 0.500000 0.062500
236 81 0.062500 0.500000
81 281 0.142857 0.062500
281 81 0.062500 0.142857
81 297 0.111111 0.062500
297 81 0.062500 0.111111
81 316 0.500000 0.062500
316 81 0.062500 0.500000
81 329 0.090909 0.062500
329 81 0.062500 0.090909
81 359 0.166667 0.062500
359 81 0.062500 0.166667
81 425 0.333333 0.062500
425 81 0.062500 0.333333
81 482 0.200000 0.062500
482 81 0.062500 0.200000
81 528 0.333333 0.062500
528 81 0.062500 0.333333
81 540 0.030303 0.062500
540 81 0.062500 0.030303
81 587 0.166667 0.062500
587 81 0.062500 0.166667
81 605 0.100000 0.062500
605 81 0.062500 0.100000
81 616 0.200000 0.062500
616 81 0.062500 0.200000
81 677 0.055556 0.062500
677 81 0.062500 0.055556
82 404 0.166667 0.333333
404 82 0.333333 0.166667
82 466 0.111111 0.333333
466 82 0.333333 0.111111
83 138 0.125000 0.500000
138 83 0.500000 0.125000
83 629 0.500000 0.500000
629 83 0.500000 0.500000
84 174 0.032258 0.250000
174 84 0.250000 0.032258
84 240 0.043478 0.250000
240 84 0.250000 0.043478
84 279 0.500000 0.250000
279 84 0.250000 0.500000
84 615 0.023810 0.250000
615 84 0.250000 0.023810
85 262 0.125000 1.000000
262 85 1.000000 0.125000
86 121 0.250000 0.125000
121 86 0.125000 0.250000
86 206 0.043478 0.125000
206 86 0.125000 0.043478
86 251 0.125000 0.125000
251 86 0.125000 0.125000
86 283 0.062500 0.125000
283 86 0.125000 0.062500
86 454 0.100000 0.125000
454 86 0.125000 0.100000
86 515 0.090909 0.125000
515 86 0.125000 0.090909
86 534 0.125000 0.125000
534 86 0.125000 0.125000
86 642 0.015873 0.125000
642 86 0.125000 0.015873
87 203 0.031250 0.166667
203 87 0.166667 0.031250
87 445 0.125000 0.166667
445 87 0.166667 0.125000
87 447 0.333333 0.166667
447 87 0.166667 0.333333
87 560 0.058824 0.166667
560 87 0.166667 0.058824
87 615 0.023810 0.166667
615 87 0.166667 0.023810
87 654 0.166667 0.166667
654 87 0.166667 0.166667
88 138 0.125000 1.000000
138 88 1.000000 0.125000
89 121 0.250000 0.500000
121 89 0.500000 0.250000
89 615 0.023810 0.500000
615 89 0.500000 0.023810
90 125 0.142857 0.125000
125 90 0.125000 0.142857
90 220 0.166667 0.125000
220 90 0.125000 0.166667
90 249 0.333333 0.125000
249 90 0.125000 0.333333
90 483 0.250000 0.125000
483 90 0.125000 0.250000
90 524 1.000000 0.125000
524 90 0.125000 1.000000
90 581 0.500000 0.125000
581 90 0.125000 0.500000
90 659 0.250000 0.125000
659 90 0.125000 0.250000
90 672 0.200000 0.125000
672 90 0.125000 0.200000
91 262 0.125000 0.166667
262 91 0.166667 0.125000
91 305 0.031250 0.166667
305 91 0.166667 0.031250
91 309 0.333333 0.166667
309 91 0.166667 0.333333
91 442 0.111111 0.166667
442 91 0.166667 0.111111
91 594 0.100000 0.166667
594 91 0.166667 0.100000
92 294 0.076923 0.250000
294 92 0.250000 0.076923
92 520 0.250000 0.250000
520 92 0.250000 0.250000
92 606 0.250000 0.250000
606 92 0.250000 0.250000
93 563 0.333333 1.000000
563 93 1.000000 0.333333
94 130 0.030303 0.125000
130 94 0.125000 0.030303
94 141 0.100000 0.125000
141 94 0.125000 0.100000
94 212 0.125000 0.125000
212 94 0.125000 0.125000
94 261 0.200000 0.125000
261 94 0.125000 0.200000
94 276 0.125000 0.125000
276 94 0.125000 0.125000
94 282 0.200000 0.125000
282 94 0.125000 0.200000
94 431 0.333333 0.125000
431 94 0.125000 0.333333
94 496 0.166667 0.125000
496 94 0.125000 0.166667
95 115 0.250000 0.066667
115 95 0.066667 0.250000
95 162 0.333333 0.066667
162 95 0.066667 0.333333
95 210 0.142857 0.066667
210 95 0.066667 0.142857
95 226 0.029412 0.066667
226 95 0.066667 0.029412
95 290 0.166667 0.066667
290 95 0.066667 0.166667
95 301 0.166667 0.066667
301 95 0.066667 0.166667
95 363 0.111111 0.066667
363 95 0.066667 0.111111
95 416 0.071429 0.066667
416 95 0.066667 0.071429
95 517 0.333333 0.066667
517 95 0.066667 0.333333
95 536 0.058824 0.066667
536 95 0.066667 0.058824
95 538 0.125000 0.066667
538 95 0.066667 0.125000
95 576 0.062500 0.066667
576 95 0.066667 0.062500
95 642 0.015873 0.066667
642 95 0.066667 0.015873
95 676 1.000000 0.066667
676 95 0.066667 1.000000
96 176 0.111111 0.500000
176 96 0.500000 0.111111
96 547 0.090909 0.500000
547 96 0.500000 0.090909
97 111 0.125000 0.125000
111 97 0.125000 0.125000
97 169 0.142857 0.125000
169 97 0.125000 0.142857
97 191 0.071429 0.125000
191 97 0.125000 0.071429
97 297 0.111111 0.125000
297 97 0.125000 0.111111
97 548 0.090909 0.125000
548 97 0.125000 0.090909
97 566 0.500000 0.125000
566 97 0.125000 0.500000
97 644 0.076923 0.125000
644 97 0.125000 0.076923
98 107 0.250000 0.076923
107 98 0.076923 0.250000
98 125 0.142857 0.076923
125 98 0.076923 0.142857
98 139 0.083333 0.076923
139 98 0.076923 0.083333
98 197 0.055556 0.076923
197 98 0.076923 0.055556
98 296 0.100000 0.076923
296 98 0.076923 0.100000
98 387 0.142857 0.076923
387 98 0.076923 0.142857
98 419 0.333333 0.076923
419 98 0.076923 0.333333
98 498 1.000000 0.076923
498 98 0.076923 1.000000
98 562 0.142857 0.076923
562 98 0.076923 0.142857
99 424 0.500000 1.000000
424 99 1.000000 0.500000
100 130 0.030303 0.333333
130 100 0.333333 0.030303
100 152 0.250000 0.333333
152 100 0.333333 0.250000
100 548 0.090909 0.333333
548 100 0.333333 0.090909
101 173 0.142857 0.333333
173 101 0.333333 0.142857
101 393 0.333333 0.333333
393 101 0.333333 0.333333
102 224 0.071429 0.125000
224 102 0.125000 0.071429
102 226 0.029412 0.125000
226 102 0.125000 0.029412
102 288 0.500000 0.125000
288 102 0.125000 0.500000
102 381 0.083333 0.125000
381 102 0.125000 0.083333
102 491 0.071429 0.125000
491 102 0.125000 0.071429
102 502 0.038462 0.125000
502 102 0.125000 0.038462
102 514 0.090909 0.125000
514 102 0.125000 0.090909
102 671 0.142857 0.125000
671 102 0.125000 0.142857
103 252 0.142857 1.000000
252 103 1.000000 0.142857
104 458 0.111111 1.000000
458 104 1.000000 0.111111
105 218 0.200000 1.000000
218 105 1.000000 0.200000
106 135 0.045455 0.166667
135 106 0.166667 0.045455
106 250 0.142857 0.166667
250 106 0.166667 0.142857
106 256 0.076923 0.166667
256 106 0.166667 0.076923
106 303 0.200000 0.166667
303 106 0.166667 0.200000
106 460 1.000000 0.166667
460 106 0.166667 1.000000
106 474 0.333333 0.166667
474 106 0.166667 0.333333
107 145 0.111111 0.250000
145 107 0.250000 0.111111
107 455 0.125000 0.250000
455 107 0.250000 0.125000
108 174 0.032258 0.055556
174 108 0.055556 0.032258
108 203 0.031250 0.055556
203 108 0.055556 0.031250
108 206 0.043478 0.055556
206 108 0.055556 0.043478
108 224 0.071429 0.055556
224 108 0.055556 0.071429
108 254 0.166667 0.055556
254 108 0.055556 0.166667
108 271 0.041667 0.055556
271 108 0.055556 0.041667
108 286 0.166667 0.055556
286 108 0.055556 0.166667
108 381 0.083333 0.055556
381 108 0.055556 0.083333
108 389 0.142857 0.055556
389 108 0.055556 0.142857
108 408 0.076923 0.055556
408 108 0.055556 0.076923
108 428 0.111111 0.055556
428 108 0.055556 0.111111
108 445 0.125000 0.055556
445 108 0.055556 0.125000
108 502 0.038462 0.055556
502 108 0.055556 0.038462
108 532 0.111111 0.055556
532 108 0.055556 0.111111
108 536 0.058824 0.055556
536 108 0.055556 0.058824
108 615 0.023810 0.055556
615 108 0.055556 0.023810
108 642 0.015873 0.055556
642 108 0.055556 0.015873
108 675 0.200000 0.055556
675 108 0.055556 0.200000
109 137 0.333333 0.333333
137 109 0.333333 0.333333
109 156 0.142857 0.333333
156 109 0.333333 0.142857
109 535 0.200000 0.333333
535 109 0.333333 0.200000
110 262 0.125000 0.500000
262 110 0.500000 0.125000
110 654 0.166667 0.500000
654 110 0.500000 0.166667
111 169 0.142857 0.125000
169 111 0.125000 0.142857
111 253 0.333333 0.125000
253 111 0.125000 0.333333
111 391 0.125000 0.125000
391 111 0.125000 0.125000
111 437 0.200000 0.125000
437 111 0.125000 0.200000
111 519 0.083333 0.125000
519 111 0.125000 0.083333
111 644 0.076923 0.125000
644 111 0.125000 0.076923
111 646 0.166667 0.125000
646 111 0.125000 0.166667
112 267 0.125000 1.000000
267 112 1.000000 0.125000
113 522 0.250000 1.000000
522 113 1.000000 0.250000
114 135 0.045455 0.041667
135 114 0.041667 0.045455
114 139 0.083333 0.041667
139 114 0.041667 0.083333
114 185 0.250000 0.041667
185 114 0.041667 0.250000
114 226 0.029412 0.041667
226 114 0.041667 0.029412
114 240 0.043478 0.041667
240 114 0.041667 0.043478
114 242 0.166667 0.041667
242 114 0.041667 0.166667
114 263 0.500000 0.041667
263 114 0.041667 0.500000
114 296 0.100000 0.041667
296 114 0.041667 0.100000
114 305 0.031250 0.041667
305 114 0.041667 0.031250
114 451 0.250000 0.041667
451 114 0.041667 0.250000
114 456 0.200000 0.041667
456 114 0.041667 0.200000
114 478 0.050000 0.041667
478 114 0.041667 0.050000
114 481 0.076923 0.041667
481 114 0.041667 0.076923
114 490 0.250000 0.041667
490 114 0.041667 0.250000
114 491 0.071429 0.041667
491 114 0.041667 0.071429
114 494 0.333333 0.041667
494 114 0.041667 0.333333
114 513 0.250000 0.041667
513 114 0.041667 0.250000
114 590 0.035714 0.041667
590 114 0.041667 0.035714
114 611 0.076923 0.041667
611 114 0.041667 0.076923
114 631 0.500000 0.041667
631 114 0.041667 0.500000
114 642 0.015873 0.041667
642 114 0.041667 0.015873
115 363 0.111111 0.250000
363 115 0.250000 0.111111
115 517 0.333333 0.250000
517 115 0.250000 0.333333
116 174 0.032258 0.125000
174 116 0.125000 0.032258
116 203 0.031250 0.125000
203 116 0.125000 0.031250
116 247 0.200000 0.125000
247 116 0.125000 0.200000
116 283 0.062500 0.125000
283 116 0.125000 0.062500
116 588 0.500000 0.125000
588 116 0.125000 0.500000
116 615 0.023810 0.125000
615 116 0.125000 0.023810
116 642 0.015873 0.125000
642 116 0.125000 0.015873
116 678 0.200000 0.125000
678 116 0.125000 0.200000
117 224 0.071429 0.250000
224 117 0.250000 0.071429
117 286 0.166667 0.250000
286 117 0.250000 0.166667
117 304 0.142857 0.250000
304 117 0.250000 0.142857
117 307 0.250000 0.250000
307 117 0.250000 0.250000
118 125 0.142857 0.333333
125 118 0.333333 0.142857
118 173 0.142857 0.333333
173 118 0.333333 0.142857
118 534 0.125000 0.333333
534 118 0.333333 0.125000
119 139 0.083333 0.250000
139 119 0.250000 0.083333
119 294 0.076923 0.250000
294 119 0.250000 0.076923
119 340 1.000000 0.250000
340 119 0.250000 1.000000
119 413 0.500000 0.250000
413 119 0.250000 0.500000
120 174 0.032258 0.071429
174 120 0.071429 0.032258
120 256 0.076923 0.071429
256 120 0.071429 0.076923
120 305 0.031250 0.071429
305 120 0.071429 0.031250
120 306 0.166667 0.071429
306 120 0.071429 0.166667
120 315 0.142857 0.071429
315 120 0.071429 0.142857
120 336 0.111111 0.071429
336 120 0.071429 0.111111
120 406 0.166667 0.071429
406 120 0.071429 0.166667
120 426 0.200000 0.071429
426 120 0.071429 0.200000
120 515 0.090909 0.071429
515 120 0.071429 0.090909
120 529 0.250000 0.071429
529 120 0.071429 0.250000
120 579 0.250000 0.071429
579 120 0.071429 0.250000
120 611 0.076923 0.071429
611 120 0.071429 0.076923
121 589 0.200000 0.250000
589 121 0.250000 0.200000
122 323 0.500000 0.142857
323 122 0.142857 0.500000
122 430 0.500000 0.142857
430 122 0.142857 0.500000
122 453 0.125000 0.142857
453 122 0.142857 0.125000
122 454 0.100000 0.142857
454 122 0.142857 0.100000
122 604 1.000000 0.142857
604 122 0.142857 1.000000
123 127 0.333333 0.090909
127 123 0.090909 0.333333
123 289 0.250000 0.090909
289 123 0.090909 0.250000
123 333 0.333333 0.090909
333 123 0.090909 0.333333
123 478 0.050000 0.090909
478 123 0.090909 0.050000
123 497 0.052632 0.090909
497 123 0.090909 0.052632
123 500 0.125000 0.090909
500 123 0.090909 0.125000
123 577 0.166667 0.090909
577 123 0.090909 0.166667
123 598 0.083333 0.090909
598 123 0.090909 0.083333
123 642 0.015873 0.090909
642 123 0.090909 0.015873
123 644 0.076923 0.090909
644 123 0.090909 0.076923
124 672 0.200000 1.000000
672 124 1.000000 0.200000
125 249 0.333333 0.142857
249 125 0.142857 0.333333
125 260 0.250000 0.142857
260 125 0.142857 0.250000
125 522 0.250000 0.142857
522 125 0.142857 0.250000
125 534 0.125000 0.142857
534 125 0.142857 0.125000
126 370 0.333333 0.500000
370 126 0.500000 0.333333
126 463 0.333333 0.500000
463 126 0.500000 0.333333
127 283 0.062500 0.333333
283 127 0.333333 0.062500
127 442 0.111111 0.333333
442 127 0.333333 0.111111
128 349 0.100000 0.500000
349 128 0.500000 0.100000
128 485 0.500000 0.500000
485 128 0.500000 0.500000
130 140 0.125000 0.030303
140 130 0.030303 0.125000
130 152 0.250000 0.030303
152 130 0.030303 0.250000
130 191 0.071429 0.030303
191 130 0.030303 0.071429
130 230 1.000000 0.030303
230 130 0.030303 1.000000
130 235 0.125000 0.030303
235 130 0.030303 0.125000
130 264 0.142857 0.030303
264 130 0.030303 0.142857
130 282 0.200000 0.030303
282 130 0.030303 0.200000
130 302 0.142857 0.030303
302 130 0.030303 0.142857
130 329 0.090909 0.030303
329 130 0.030303 0.090909
130 350 0.333333 0.030303
350 130 0.030303 0.333333
130 352 0.111111 0.030303
352 130 0.030303 0.111111
130 384 0.090909 0.030303
384 130 0.030303 0.090909
130 399 0.166667 0.030303
399 130 0.030303 0.166667
130 431 0.333333 0.030303
431 130 0.030303 0.333333
130 458 0.111111 0.030303
458 130 0.030303 0.111111
130 474 0.333333 0.030303
474 130 0.030303 0.333333
130 478 0.050000 0.030303
478 130 0.030303 0.050000
130 532 0.111111 0.030303
532 130 0.030303 0.111111
130 540 0.030303 0.030303
540 130 0.030303 0.030303
130 548 0.090909 0.030303
548 130 0.030303 0.090909
130 587 0.166667 0.030303
587 130 0.030303 0.166667
130 623 0.066667 0.030303
623 130 0.030303 0.066667
130 630 0.076923 0.030303
630 130 0.030303 0.076923
130 640 1.000000 0.030303
640 130 0.030303 1.000000
130 642 0.015873 0.030303
642 130 0.030303 0.015873
131 139 0.083333 0.250000
139 131 0.250000 0.083333
131 232 0.100000 0.250000
232 131 0.250000 0.100000
131 312 0.142857 0.250000
312 131 0.250000 0.142857
131 456 0.200000 0.250000
456 131 0.250000 0.200000
132 377 0.166667 0.333333
377 132 0.333333 0.166667
132 585 0.250000 0.333333
585 132 0.333333 0.250000
132 649 0.111111 0.333333
649 132 0.333333 0.111111
133 191 0.071429 0.500000
191 133 0.500000 0.071429
133 356 1.000000 0.500000
356 133 0.500000 1.000000
134 135 0.045455 0.083333
135 134 0.083333 0.045455
134 156 0.142857 0.083333
156 134 0.083333 0.142857
134 199 0.166667 0.083333
199 134 0.083333 0.166667
134 226 0.029412 0.083333
226 134 0.083333 0.029412
134 240 0.043478 0.083333
240 134 0.083333 0.043478
134 271 0.041667 0.083333
271 134 0.083333 0.041667
134 332 0.142857 0.083333
332 134 0.083333 0.142857
134 428 0.111111 0.083333
428 134 0.083333 0.111111
134 434 0.111111 0.083333
434 134 0.083333 0.111111
134 535 0.200000 0.083333
535 134 0.083333 0.200000
134 542 0.333333 0.083333
542 134 0.083333 0.333333
135 156 0.142857 0.045455
156 135 0.045455 0.142857
135 206 0.043478 0.045455
206 135 0.045455 0.043478
135 240 0.043478 0.045455
240 135 0.045455 0.043478
135 250 0.142857 0.045455
250 135 0.045455 0.142857
135 256 0.076923 0.045455
256 135 0.045455 0.076923
135 303 0.200000 0.045455
303 135 0.045455 0.200000
135 331 0.200000 0.045455
331 135 0.045455 0.200000
135 336 0.111111 0.045455
336 135 0.045455 0.111111
135 363 0.111111 0.045455
363 135 0.045455 0.111111
135 408 0.076923 0.045455
408 135 0.045455 0.076923
135 434 0.111111 0.045455
434 135 0.045455 0.111111
135 443 0.142857 0.045455
443 135 0.045455 0.142857
135 446 0.200000 0.045455
446 135 0.045455 0.200000
135 494 0.333333 0.045455
494 135 0.045455 0.333333
135 502 0.038462 0.045455
502 135 0.045455 0.038462
135 543 1.000000 0.045455
543 135 0.045455 1.000000
135 590 0.035714 0.045455
590 135 0.045455 0.035714
135 601 0.142857 0.045455
601 135 0.045455 0.142857
135 642 0.015873 0.045455
642 135 0.045455 0.015873
136 547 0.090909 0.500000
547 136 0.500000 0.090909
136 550 0.142857 0.500000
550 136 0.500000 0.142857
137 147 0.111111 0.333333
147 137 0.333333 0.111111
137 597 0.200000 0.333333
597 137 0.333333 0.200000
138 148 0.500000 0.125000
148 138 0.125000 0.500000
138 211 0.333333 0.125000
211 138 0.125000 0.333333
138 226 0.029412 0.125000
226 138 0.125000 0.029412
138 379 0.500000 0.125000
379 138 0.125000 0.500000
138 523 0.111111 0.125000
523 138 0.125000 0.111111
138 622 0.100000 0.125000
622 138 0.125000 0.100000
139 197 0.055556 0.083333
197 139 0.083333 0.055556
139 232 0.100000 0.083333
232 139 0.083333 0.100000
139 242 0.166667 0.083333
242 139 0.083333 0.166667
139 260 0.250000 0.083333
260 139 0.083333 0.250000
139 294 0.076923 0.083333
294 139 0.083333 0.076923
139 371 0.166667 0.083333
371 139 0.083333 0.166667
139 413 0.500000 0.083333
413 139 0.083333 0.500000
139 630 0.076923 0.083333
630 139 0.083333 0.076923
140 191 0.071429 0.125000
191 140 0.125000 0.071429
140 193 1.000000 0.125000
193 140 0.125000 1.000000
140 251 0.125000 0.125000
251 140 0.125000 0.125000
140 339 0.125000 0.125000
339 140 0.125000 0.125000
140 352 0.111111 0.125000
352 140 0.125000 0.111111
140 533 0.090909 0.125000
533 140 0.125000 0.090909
140 663 1.000000 0.125000
663 140 0.125000 1.000000
141 175 0.333333 0.100000
175 141 0.100000 0.333333
141 191 0.071429 0.100000
191 141 0.100000 0.071429
141 212 0.125000 0.100000
212 141 0.100000 0.125000
141 261 0.200000 0.100000
261 141 0.100000 0.200000
141 276 0.125000 0.100000
276 141 0.100000 0.125000
141 282 0.200000 0.100000
282 141 0.100000 0.200000
141 496 0.166667 0.100000
496 141 0.100000 0.166667
142 259 0.500000 0.500000
259 142 0.500000 0.500000
143 415 0.200000 0.500000
415 143 0.500000 0.200000
143 648 0.166667 0.500000
648 143 0.500000 0.166667
144 153 0.250000 0.333333
153 144 0.333333 0.250000
144 627 0.100000 0.333333
627 144 0.333333 0.100000
145 320 1.000000 0.111111
320 145 0.111111 1.000000
145 387 0.142857 0.111111
387 145 0.111111 0.142857
145 396 0.500000 0.111111
396 145 0.111111 0.500000
145 455 0.125000 0.111111
455 145 0.111111 0.125000
145 481 0.076923 0.111111
481 145 0.111111 0.076923
145 492 0.500000 0.111111
492 145 0.111111 0.500000
145 521 0.500000 0.111111
521 145 0.111111 0.500000
145 572 0.333333 0.111111
572 145 0.111111 0.333333
146 616 0.200000 1.000000
616 146 1.000000 0.200000
147 163 0.166667 0.111111
163 147 0.111111 0.166667
147 287 0.125000 0.111111
287 147 0.111111 0.125000
147 376 0.333333 0.111111
376 147 0.111111 0.333333
147 416 0.071429 0.111111
416 147 0.111111 0.071429
147 478 0.050000 0.111111
478 147 0.111111 0.050000
147 584 0.166667 0.111111
584 147 0.111111 0.166667
147 622 0.100000 0.111111
622 147 0.111111 0.100000
148 211 0.333333 0.500000
211 148 0.500000 0.333333
149 214 0.500000 0.090909
214 149 0.090909 0.500000
149 222 0.250000 0.090909
222 149 0.090909 0.250000
149 267 0.125000 0.090909
267 149 0.090909 0.125000
149 321 0.166667 0.090909
321 149 0.090909 0.166667
149 540 0.030303 0.090909
540 149 0.090909 0.030303
149 576 0.062500 0.090909
576 149 0.090909 0.062500
149 623 0.066667 0.090909
623 149 0.090909 0.066667
149 642 0.015873 0.090909
642 149 0.090909 0.015873
149 677 0.055556 0.090909
677 149 0.090909 0.055556
150 234 0.125000 0.500000
234 150 0.500000 0.125000
150 461 0.250000 0.500000
461 150 0.500000 0.250000
151 330 0.125000 1.000000
330 151 1.000000 0.125000
152 548 0.090909 0.250000
548 152 0.250000 0.090909
152 677 0.055556 0.250000
677 152 0.250000 0.055556
153 294 0.076923 0.250000
294 153 0.250000 0.076923
153 435 0.333333 0.250000
435 153 0.250000 0.333333
154 655 0.076923 0.500000
655 154 0.500000 0.076923
155 224 0.071429 0.333333
224 155 0.333333 0.071429
155 327 0.333333 0.333333
327 155 0.333333 0.333333
155 557 0.333333 0.333333
557 155 0.333333 0.333333
156 226 0.029412 0.142857
226 156 0.142857 0.029412
156 332 0.142857 0.142857
332 156 0.142857 0.142857
156 434 0.111111 0.142857
434 156 0.142857 0.111111
156 535 0.200000 0.142857
535 156 0.142857 0.200000
157 203 0.031250 1.000000
203 157 1.000000 0.031250
158 197 0.055556 0.333333
197 158 0.333333 0.055556
158 562 0.142857 0.333333
562 158 0.333333 0.142857
159 162 0.333333 0.333333
162 159 0.333333 0.333333
159 416 0.071429 0.333333
416 159 0.333333 0.071429
160 500 0.125000 0.500000
500 160 0.500000 0.125000
160 674 0.250000 0.500000
674 160 0.500000 0.250000
161 185 0.250000 0.500000
185 161 0.500000 0.250000
161 296 0.100000 0.500000
296 161 0.500000 0.100000
162 497 0.052632 0.333333
497 162 0.333333 0.052632
163 203 0.031250 0.166667
203 163 0.166667 0.031250
163 287 0.125000 0.166667
287 163 0.166667 0.125000
163 376 0.333333 0.166667
376 163 0.166667 0.333333
163 478 0.050000 0.166667
478 163 0.166667 0.050000
164 178 1.000000 0.062500
178 164 0.062500 1.000000
164 298 0.333333 0.062500
298 164 0.062500 0.333333
164 305 0.031250 0.062500
305 164 0.062500 0.031250
164 334 0.142857 0.062500
334 164 0.062500 0.142857
164 348 0.071429 0.062500
348 164 0.062500 0.071429
164 349 0.100000 0.062500
349 164 0.062500 0.100000
164 406 0.166667 0.062500
406 164 0.062500 0.166667
164 560 0.058824 0.062500
560 164 0.062500 0.058824
164 613 0.500000 0.062500
613 164 0.062500 0.500000
164 621 0.111111 0.062500
621 164 0.062500 0.111111
164 656 0.142857 0.062500
656 164 0.062500 0.142857
165 366 1.000000 0.333333
366 165 0.333333 1.000000
165 503 0.200000 0.333333
503 165 0.333333 0.200000
165 644 0.076923 0.333333
644 165 0.333333 0.076923
166 355 0.250000 0.500000
355 166 0.500000 0.250000
166 540 0.030303 0.500000
540 166 0.500000 0.030303
167 466 0.111111 0.250000
466 167 0.250000 0.111111
167 502 0.038462 0.250000
502 167 0.250000 0.038462
167 536 0.058824 0.250000
536 167 0.250000 0.058824
167 576 0.062500 0.250000
576 167 0.250000 0.062500
168 250 0.142857 1.000000
250 168 1.000000 0.142857
169 391 0.125000 0.142857
391 169 0.142857 0.125000
169 519 0.083333 0.142857
519 169 0.142857 0.083333
169 548 0.090909 0.142857
548 169 0.142857 0.090909
169 582 1.000000 0.142857
582 169 0.142857 1.000000
169 644 0.076923 0.142857
644 169 0.142857 0.076923
170 533 0.090909 0.166667
533 170 0.166667 0.090909
170 560 0.058824 0.166667
560 170 0.166667 0.058824
170 586 0.200000 0.166667
586 170 0.166667 0.200000
170 605 0.100000 0.166667
605 170 0.166667 0.100000
170 618 0.142857 0.166667
618 170 0.166667 0.142857
170 658 0.500000 0.166667
658 170 0.166667 0.500000
171 203 0.031250 1.000000
203 171 1.000000 0.031250
172 559 1.000000 0.333333
559 172 0.333333 1.000000
172 621 0.111111 0.333333
621 172 0.333333 0.111111
173 294 0.076923 0.142857
294 173 0.142857 0.076923
173 371 0.166667 0.142857
371 173 0.142857 0.166667
173 393 0.333333 0.142857
393 173 0.142857 0.333333
173 627 0.100000 0.142857
627 173 0.142857 0.100000
174 191 0.071429 0.032258
191 174 0.032258 0.071429
174 194 0.250000 0.032258
194 174 0.032258 0.250000
174 196 0.500000 0.032258
196 174 0.032258 0.500000
174 203 0.031250 0.032258
203 174 0.032258 0.031250
174 206 0.043478 0.032258
206 174 0.032258 0.043478
174 234 0.125000 0.032258
234 174 0.032258 0.125000
174 240 0.043478 0.032258
240 174 0.032258 0.043478
174 271 0.041667 0.032258
271 174 0.032258 0.041667
174 283 0.062500 0.032258
283 174 0.032258 0.062500
174 324 0.500000 0.032258
324 174 0.032258 0.500000
174 347 0.500000 0.032258
347 174 0.032258 0.500000
174 358 0.100000 0.032258
358 174 0.032258 0.100000
174 381 0.083333 0.032258
381 174 0.032258 0.083333
174 389 0.142857 0.032258
389 174 0.032258 0.142857
174 408 0.076923 0.032258
408 174 0.032258 0.076923
174 428 0.111111 0.032258
428 174 0.032258 0.111111
174 466 0.111111 0.032258
466 174 0.032258 0.111111
174 502 0.038462 0.032258
502 174 0.032258 0.038462
174 519 0.083333 0.032258
519 174 0.032258 0.083333
174 536 0.058824 0.032258
536 174 0.032258 0.058824
174 615 0.023810 0.032258
615 174 0.032258 0.023810
174 642 0.015873 0.032258
642 174 0.032258 0.015873
174 675 0.200000 0.032258
675 174 0.032258 0.200000
175 261 0.200000 0.333333
261 175 0.333333 0.200000
175 496 0.166667 0.333333
496 175 0.333333 0.166667
176 206 0.043478 0.111111
206 176 0.111111 0.043478
176 283 0.062500 0.111111
283 176 0.111111 0.062500
176 314 0.200000 0.111111
314 176 0.111111 0.200000
176 501 0.111111 0.111111
501 176 0.111111 0.111111
176 516 0.111111 0.111111
516 176 0.111111 0.111111
176 550 0.142857 0.111111
550 176 0.111111 0.142857
176 642 0.015873 0.111111
642 176 0.111111 0.015873
177 217 0.500000 0.200000
217 177 0.200000 0.500000
177 305 0.031250 0.200000
305 177 0.200000 0.031250
179 258 0.111111 0.500000
258 179 0.500000 0.111111
179 598 0.083333 0.500000
598 179 0.500000 0.083333
180 523 0.111111 1.000000
523 180 1.000000 0.111111
182 400 0.333333 0.333333
400 182 0.333333 0.333333
182 553 0.250000 0.333333
553 182 0.333333 0.250000
183 468 0.333333 1.000000
468 183 1.000000 0.333333
184 207 0.250000 0.200000
207 184 0.200000 0.250000
184 238 1.000000 0.200000
238 184 0.200000 1.000000
184 433 1.000000 0.200000
433 184 0.200000 1.000000
184 614 0.500000 0.200000
614 184 0.200000 0.500000
185 296 0.100000 0.250000
296 185 0.250000 0.100000
185 513 0.250000 0.250000
513 185 0.250000 0.250000
186 248 0.111111 1.000000
248 186 1.000000 0.111111
187 287 0.125000 0.333333
287 187 0.333333 0.125000
187 523 0.111111 0.333333
523 187 0.333333 0.111111
187 584 0.166667 0.333333
584 187 0.333333 0.166667
188 452 0.076923 0.500000
452 188 0.500000 0.076923
188 638 0.333333 0.500000
638 188 0.500000 0.333333
189 331 0.200000 1.000000
331 189 1.000000 0.200000
190 229 0.333333 0.200000
229 190 0.200000 0.333333
190 365 0.333333 0.200000
365 190 0.200000 0.333333
190 427 0.250000 0.200000
427 190 0.200000 0.250000
190 610 0.333333 0.200000
610 190 0.200000 0.333333
191 212 0.125000 0.071429
212 191 0.071429 0.125000
191 237 0.166667 0.071429
237 191 0.071429 0.166667
191 313 0.500000 0.071429
313 191 0.071429 0.500000
191 352 0.111111 0.071429
352 191 0.071429 0.111111
191 445 0.125000 0.071429
445 191 0.071429 0.125000
191 481 0.076923 0.071429
481 191 0.071429 0.076923
191 540 0.030303 0.071429
540 191 0.071429 0.030303
191 615 0.023810 0.071429
615 191 0.071429 0.023810
192 541 0.500000 1.000000
541 192 1.000000 0.500000
194 206 0.043478 0.250000
206 194 0.250000 0.043478
194 283 0.062500 0.250000
283 194 0.250000 0.062500
194 642 0.015873 0.250000
642 194 0.250000 0.015873
195 287 0.125000 1.000000
287 195 1.000000 0.125000
196 642 0.015873 0.500000
642 196 0.500000 0.015873
197 232 0.100000 0.055556
232 197 0.055556 0.100000
197 294 0.076923 0.055556
294 197 0.055556 0.076923
197 296 0.100000 0.055556
296 197 0.055556 0.100000
197 448 0.100000 0.055556
448 197 0.055556 0.100000
197 462 0.250000 0.055556
462 197 0.055556 0.250000
197 540 0.030303 0.055556
540 197 0.055556 0.030303
197 556 0.166667 0.055556
556 197 0.055556 0.166667
197 562 0.142857 0.055556
562 197 0.055556 0.142857
197 591 0.142857 0.055556
591 197 0.055556 0.142857
197 598 0.083333 0.055556
598 197 0.055556 0.083333
197 627 0.100000 0.055556
627 197 0.055556 0.100000
199 434 0.111111 0.166667
434 199 0.166667 0.111111
199 441 0.250000 0.166667
441 199 0.166667 0.250000
199 505 0.200000 0.166667
505 199 0.166667 0.200000
199 542 0.333333 0.166667
542 199 0.166667 0.333333
200 289 0.250000 0.333333
289 200 0.333333 0.250000
200 363 0.111111 0.333333
363 200 0.333333 0.111111
201 387 0.142857 0.333333
387 201 0.333333 0.142857
201 540 0.030303 0.333333
540 201 0.333333 0.030303
202 386 0.250000 0.500000
386 202 0.500000 0.250000
202 573 0.200000 0.500000
573 202 0.500000 0.200000
203 206 0.043478 0.031250
206 203 0.031250 0.043478
203 225 0.142857 0.031250
225 203 0.031250 0.142857
203 240 0.043478 0.031250
240 203 0.031250 0.043478
203 244 0.500000 0.031250
244 203 0.031250 0.500000
203 247 0.200000 0.031250
247 203 0.031250 0.200000
203 258 0.111111 0.031250
258 203 0.031250 0.111111
203 271 0.041667 0.031250
271 203 0.031250 0.041667
203 401 1.000000 0.031250
401 203 0.031250 1.000000
203 405 1.000000 0.031250
405 203 0.031250 1.000000
203 445 0.125000 0.031250
445 203 0.031250 0.125000
203 463 0.333333 0.031250
463 203 0.031250 0.333333
203 466 0.111111 0.031250
466 203 0.031250 0.111111
203 484 0.333333 0.031250
484 203 0.031250 0.333333
203 491 0.071429 0.031250
491 203 0.031250 0.071429
203 497 0.052632 0.031250
497 203 0.031250 0.052632
203 502 0.038462 0.031250
502 203 0.031250 0.038462
203 523 0.111111 0.031250
523 203 0.031250 0.111111
203 560 0.058824 0.031250
560 203 0.031250 0.058824
203 590 0.035714 0.031250
590 203 0.031250 0.035714
203 615 0.023810 0.031250
615 203 0.031250 0.023810
203 642 0.015873 0.031250
642 203 0.031250 0.015873
203 654 0.166667 0.031250
654 203 0.031250 0.166667
204 264 0.142857 1.000000
264 204 1.000000 0.142857
206 271 0.041667 0.043478
271 206 0.043478 0.041667
206 283 0.062500 0.043478
283 206 0.043478 0.062500
206 353 0.500000 0.043478
353 206 0.043478 0.500000
206 358 0.100000 0.043478
358 206 0.043478 0.100000
206 408 0.076923 0.043478
408 206 0.043478 0.076923
206 442 0.111111 0.043478
442 206 0.043478 0.111111
206 454 0.100000 0.043478
454 206 0.043478 0.100000
206 502 0.038462 0.043478
502 206 0.043478 0.038462
206 515 0.090909 0.043478
515 206 0.043478 0.090909
206 516 0.111111 0.043478
516 206 0.043478 0.111111
206 519 0.083333 0.043478
519 206 0.043478 0.083333
206 601 0.142857 0.043478
601 206 0.043478 0.142857
206 615 0.023810 0.043478
615 206 0.043478 0.023810
206 642 0.015873 0.043478
642 206 0.043478 0.015873
206 671 0.142857 0.043478
671 206 0.043478 0.142857
207 368 1.000000 0.250000
368 207 0.250000 1.000000
207 402 1.000000 0.250000
402 207 0.250000 1.000000
207 489 1.000000 0.250000
489 207 0.250000 1.000000
208 317 0.333333 0.500000
317 208 0.500000 0.333333
208 490 0.250000 0.500000
490 208 0.500000 0.250000
209 359 0.166667 0.250000
359 209 0.250000 0.166667
209 495 1.000000 0.250000
495 209 0.250000 1.000000
209 573 0.200000 0.250000
573 209 0.250000 0.200000
210 226 0.029412 0.142857
226 210 0.142857 0.029412
210 416 0.071429 0.142857
416 210 0.142857 0.071429
210 536 0.058824 0.142857
536 210 0.142857 0.058824
210 538 0.125000 0.142857
538 210 0.142857 0.125000
210 576 0.062500 0.142857
576 210 0.142857 0.062500
210 642 0.015873 0.142857
642 210 0.142857 0.015873
211 570 1.000000 0.333333
570 211 0.333333 1.000000
212 276 0.125000 0.125000
276 212 0.125000 0.125000
212 367 0.500000 0.125000
367 212 0.125000 0.500000
212 496 0.166667 0.125000
496 212 0.125000 0.166667
213 352 0.111111 1.000000
352 213 1.000000 0.111111
214 442 0.111111 0.500000
442 214 0.500000 0.111111
215 467 0.500000 0.333333
467 215 0.333333 0.500000
215 598 0.083333 0.333333
598 215 0.333333 0.083333
215 608 0.500000 0.333333
608 215 0.333333 0.500000
216 280 0.166667 0.250000
280 216 0.250000 0.166667
216 422 0.142857 0.250000
422 216 0.250000 0.142857
216 548 0.090909 0.250000
548 216 0.250000 0.090909
216 677 0.055556 0.250000
677 216 0.250000 0.055556
218 382 0.500000 0.200000
382 218 0.200000 0.500000
218 443 0.142857 0.200000
443 218 0.200000 0.142857
218 526 0.333333 0.200000
526 218 0.200000 0.333333
218 550 0.142857 0.200000
550 218 0.200000 0.142857
219 270 0.142857 0.500000
270 219 0.500000 0.142857
219 476 0.500000 0.500000
476 219 0.500000 0.500000
220 412 0.333333 0.166667
412 220 0.166667 0.333333
220 482 0.200000 0.166667
482 220 0.166667 0.200000
220 483 0.250000 0.166667
483 220 0.166667 0.250000
220 551 1.000000 0.166667
551 220 0.166667 1.000000
221 265 0.333333 1.000000
265 221 1.000000 0.333333
222 267 0.125000 0.250000
267 222 0.250000 0.125000
222 321 0.166667 0.250000
321 222 0.250000 0.166667
222 623 0.066667 0.250000
623 222 0.250000 0.066667
223 237 0.166667 0.250000
237 223 0.250000 0.166667
223 312 0.142857 0.250000
312 223 0.250000 0.142857
223 333 0.333333 0.250000
333 223 0.250000 0.333333
223 655 0.076923 0.250000
655 223 0.250000 0.076923
224 254 0.166667 0.071429
254 224 0.071429 0.166667
224 270 0.142857 0.071429
270 224 0.071429 0.142857
224 286 0.166667 0.071429
286 224 0.071429 0.166667
224 304 0.142857 0.071429
304 224 0.071429 0.142857
224 307 0.250000 0.071429
307 224 0.071429 0.250000
224 389 0.142857 0.071429
389 224 0.071429 0.142857
224 557 0.333333 0.071429
557 224 0.071429 0.333333
224 671 0.142857 0.071429
671 224 0.071429 0.142857
225 226 0.029412 0.142857
226 225 0.142857 0.029412
225 234 0.125000 0.142857
234 225 0.142857 0.125000
225 240 0.043478 0.142857
240 225 0.142857 0.043478
225 428 0.111111 0.142857
428 225 0.142857 0.111111
225 502 0.038462 0.142857
502 225 0.142857 0.038462
225 637 0.125000 0.142857
637 225 0.142857 0.125000
226 234 0.125000 0.029412
234 226 0.029412 0.125000
226 240 0.043478 0.029412
240 226 0.029412 0.043478
226 271 0.041667 0.029412
271 226 0.029412 0.041667
226 276 0.125000 0.029412
276 226 0.029412 0.125000
226 305 0.031250 0.029412
305 226 0.029412 0.031250
226 331 0.200000 0.029412
331 226 0.029412 0.200000
226 332 0.142857 0.029412
332 226 0.029412 0.142857
226 379 0.500000 0.029412
379 226 0.029412 0.500000
226 416 0.071429 0.029412
416 226 0.029412 0.071429
226 434 0.111111 0.029412
434 226 0.029412 0.111111
226 478 0.050000 0.029412
478 226 0.029412 0.050000
226 481 0.076923 0.029412
481 226 0.029412 0.076923
226 491 0.071429 0.029412
491 226 0.029412 0.071429
226 514 0.090909 0.029412
514 226 0.029412 0.090909
226 536 0.058824 0.029412
536 226 0.029412 0.058824
226 538 0.125000 0.029412
538 226 0.029412 0.125000
226 576 0.062500 0.029412
576 226 0.029412 0.062500
226 584 0.166667 0.029412
584 226 0.029412 0.166667
226 590 0.035714 0.029412
590 226 0.029412 0.035714
226 611 0.076923 0.029412
611 226 0.029412 0.076923
226 615 0.023810 0.029412
615 226 0.029412 0.023810
226 622 0.100000 0.029412
622 226 0.029412 0.100000
226 642 0.015873 0.029412
642 226 0.029412 0.015873
227 291 0.333333 0.166667
291 227 0.166667 0.333333
227 540 0.030303 0.166667
540 227 0.166667 0.030303
227 646 0.166667 0.166667
646 227 0.166667 0.166667
228 456 0.200000 1.000000
456 228 1.000000 0.200000
229 394 0.500000 0.333333
394 229 0.333333 0.500000
229 610 0.333333 0.333333
610 229 0.333333 0.333333
231 293 0.333333 0.166667
293 231 0.166667 0.333333
231 464 0.200000 0.166667
464 231 0.166667 0.200000
231 472 0.500000 0.166667
472 231 0.166667 0.500000
231 533 0.090909 0.166667
533 231 0.166667 0.090909
231 661 0.500000 0.166667
661 231 0.166667 0.500000
232 294 0.076923 0.100000
294 232 0.100000 0.076923
232 312 0.142857 0.100000
312 232 0.100000 0.142857
232 412 0.333333 0.100000
412 232 0.100000 0.333333
232 462 0.250000 0.100000
462 232 0.100000 0.250000
232 520 0.250000 0.100000
520 232 0.100000 0.250000
232 530 0.500000 0.100000
530 232 0.100000 0.500000
232 544 0.500000 0.100000
544 232 0.100000 0.500000
233 305 0.031250 0.333333
305 233 0.333333 0.031250
234 452 0.076923 0.125000
452 234 0.125000 0.076923
234 637 0.125000 0.125000
637 234 0.125000 0.125000
235 302 0.142857 0.125000
302 235 0.125000 0.142857
235 437 0.200000 0.125000
437 235 0.125000 0.200000
235 458 0.111111 0.125000
458 235 0.125000 0.111111
235 532 0.111111 0.125000
532 235 0.125000 0.111111
235 646 0.166667 0.125000
646 235 0.125000 0.166667
236 540 0.030303 0.500000
540 236 0.500000 0.030303
237 448 0.100000 0.166667
448 237 0.166667 0.100000
237 655 0.076923 0.166667
655 237 0.166667 0.076923
239 399 0.166667 0.500000
399 239 0.500000 0.166667
239 630 0.076923 0.500000
630 239 0.500000 0.076923
240 272 0.333333 0.043478
272 240 0.043478 0.333333
240 297 0.111111 0.043478
297 240 0.043478 0.111111
240 318 0.500000 0.043478
318 240 0.043478 0.500000
240 331 0.200000 0.043478
331 240 0.043478 0.200000
240 339 0.125000 0.043478
339 240 0.043478 0.125000
240 363 0.111111 0.043478
363 240 0.043478 0.111111
240 381 0.083333 0.043478
381 240 0.043478 0.083333
240 408 0.076923 0.043478
408 240 0.043478 0.076923
240 428 0.111111 0.043478
428 240 0.043478 0.111111
240 434 0.111111 0.043478
434 240 0.043478 0.111111
240 446 0.200000 0.043478
446 240 0.043478 0.200000
240 502 0.038462 0.043478
502 240 0.043478 0.038462
240 601 0.142857 0.043478
601 240 0.043478 0.142857
240 615 0.023810 0.043478
615 240 0.043478 0.023810
240 642 0.015873 0.043478
642 240 0.043478 0.015873
241 505 0.200000 0.500000
505 241 0.500000 0.200000
241 590 0.035714 0.500000
590 241 0.500000 0.035714
242 442 0.111111 0.166667
442 242 0.166667 0.111111
242 547 0.090909 0.166667
547 242 0.166667 0.090909
243 252 0.142857 0.333333
252 243 0.333333 0.142857
243 352 0.111111 0.333333
352 243 0.333333 0.111111
243 567 0.333333 0.333333
567 243 0.333333 0.333333
244 523 0.111111 0.500000
523 244 0.500000 0.111111
245 564 0.142857 1.000000
564 245 1.000000 0.142857
246 274 0.125000 1.000000
274 246 1.000000 0.125000
247 615 0.023810 0.200000
615 247 0.200000 0.023810
247 642 0.015873 0.200000
642 247 0.200000 0.015873
247 678 0.200000 0.200000
678 247 0.200000 0.200000
248 256 0.076923 0.111111
256 248 0.111111 0.076923
248 269 0.200000 0.111111
269 248 0.111111 0.200000
248 315 0.142857 0.111111
315 248 0.111111 0.142857
248 330 0.125000 0.111111
330 248 0.111111 0.125000
248 425 0.333333 0.111111
425 248 0.111111 0.333333
248 426 0.200000 0.111111
426 248 0.111111 0.200000
248 619 0.200000 0.111111
619 248 0.111111 0.200000
249 657 1.000000 0.333333
657 249 0.333333 1.000000
250 256 0.076923 0.142857
256 250 0.142857 0.076923
250 303 0.200000 0.142857
303 250 0.142857 0.200000
250 351 0.333333 0.142857
351 250 0.142857 0.333333
250 415 0.200000 0.142857
415 250 0.142857 0.200000
251 257 0.333333 0.125000
257 251 0.125000 0.333333
251 407 0.142857 0.125000
407 251 0.125000 0.142857
251 515 0.090909 0.125000
515 251 0.125000 0.090909
251 534 0.125000 0.125000
534 251 0.125000 0.125000
251 576 0.062500 0.125000
576 251 0.125000 0.062500
251 677 0.055556 0.125000
677 251 0.125000 0.055556
252 267 0.125000 0.142857
267 252 0.142857 0.125000
252 352 0.111111 0.142857
352 252 0.142857 0.111111
252 384 0.090909 0.142857
384 252 0.142857 0.090909
252 644 0.076923 0.142857
644 252 0.142857 0.076923
253 508 1.000000 0.333333
508 253 0.333333 1.000000
254 286 0.166667 0.166667
286 254 0.166667 0.166667
254 389 0.142857 0.166667
389 254 0.166667 0.142857
254 602 0.500000 0.166667
602 254 0.166667 0.500000
254 650 1.000000 0.166667
650 254 0.166667 1.000000
255 452 0.076923 0.500000
452 255 0.500000 0.076923
256 258 0.111111 0.076923
258 256 0.076923 0.111111
256 303 0.200000 0.076923
303 256 0.076923 0.200000
256 305 0.031250 0.076923
305 256 0.076923 0.031250
256 315 0.142857 0.076923
315 256 0.076923 0.142857
256 336 0.111111 0.076923
336 256 0.076923 0.111111
256 426 0.200000 0.076923
426 256 0.076923 0.200000
256 443 0.142857 0.076923
443 256 0.076923 0.142857
256 454 0.100000 0.076923
454 256 0.076923 0.100000
257 659 0.250000 0.333333
659 257 0.333333 0.250000
257 677 0.055556 0.333333
677 257 0.333333 0.055556
258 353 0.500000 0.111111
353 258 0.111111 0.500000
258 497 0.052632 0.111111
497 258 0.111111 0.052632
258 519 0.083333 0.111111
519 258 0.111111 0.083333
258 564 0.142857 0.111111
564 258 0.111111 0.142857
260 294 0.076923 0.250000
294 260 0.250000 0.076923
261 496 0.166667 0.200000
496 261 0.200000 0.166667
262 305 0.031250 0.125000
305 262 0.125000 0.031250
262 319 0.250000 0.125000
319 262 0.125000 0.250000
262 594 0.100000 0.125000
594 262 0.125000 0.100000
262 679 0.500000 0.125000
679 262 0.125000 0.500000
263 600 0.500000 0.500000
600 263 0.500000 0.500000
264 273 0.250000 0.142857
273 264 0.142857 0.250000
264 527 0.500000 0.142857
527 264 0.142857 0.500000
264 536 0.058824 0.142857
536 264 0.142857 0.058824
264 594 0.100000 0.142857
594 264 0.142857 0.100000
265 361 0.500000 0.333333
361 265 0.333333 0.500000
265 521 0.500000 0.333333
521 265 0.333333 0.500000
266 274 0.125000 1.000000
274 266 1.000000 0.125000
267 321 0.166667 0.125000
321 267 0.125000 0.166667
267 384 0.090909 0.125000
384 267 0.125000 0.090909
267 623 0.066667 0.125000
623 267 0.125000 0.066667
269 619 0.200000 0.200000
619 269 0.200000 0.200000
269 641 1.000000 0.200000
641 269 0.200000 1.000000
270 560 0.058824 0.142857
560 270 0.142857 0.058824
270 633 0.500000 0.142857
633 270 0.142857 0.500000
270 639 0.500000 0.142857
639 270 0.142857 0.500000
270 669 1.000000 0.142857
669 270 0.142857 1.000000
271 332 0.142857 0.041667
332 271 0.041667 0.142857
271 358 0.100000 0.041667
358 271 0.041667 0.100000
271 381 0.083333 0.041667
381 271 0.041667 0.083333
271 389 0.142857 0.041667
389 271 0.041667 0.142857
271 404 0.166667 0.041667
404 271 0.041667 0.166667
271 428 0.111111 0.041667
428 271 0.041667 0.111111
271 442 0.111111 0.041667
442 271 0.041667 0.111111
271 461 0.250000 0.041667
461 271 0.041667 0.250000
271 502 0.038462 0.041667
502 271 0.041667 0.038462
271 529 0.250000 0.041667
529 271 0.041667 0.250000
271 532 0.111111 0.041667
532 271 0.041667 0.111111
271 590 0.035714 0.041667
590 271 0.041667 0.035714
271 615 0.023810 0.041667
615 271 0.041667 0.023810
271 637 0.125000 0.041667
637 271 0.041667 0.125000
271 642 0.015873 0.041667
642 271 0.041667 0.015873
271 675 0.200000 0.041667
675 271 0.041667 0.200000
272 318 0.500000 0.333333
318 272 0.333333 0.500000
272 373 1.000000 0.333333
373 272 0.333333 1.000000
273 527 0.500000 0.250000
527 273 0.250000 0.500000
273 594 0.100000 0.250000
594 273 0.250000 0.100000
274 507 0.500000 0.125000
507 274 0.125000 0.500000
274 555 1.000000 0.125000
555 274 0.125000 1.000000
274 595 0.500000 0.125000
595 274 0.125000 0.500000
274 603 0.333333 0.125000
603 274 0.125000 0.333333
274 615 0.023810 0.125000
615 274 0.125000 0.023810
274 642 0.015873 0.125000
642 274 0.125000 0.015873
275 652 0.333333 1.000000
652 275 1.000000 0.333333
276 502 0.038462 0.125000
502 276 0.125000 0.038462
276 594 0.100000 0.125000
594 276 0.125000 0.100000
277 420 0.500000 0.500000
420 277 0.500000 0.500000
277 532 0.111111 0.500000
532 277 0.500000 0.111111
278 652 0.333333 1.000000
652 278 1.000000 0.333333
279 637 0.125000 0.500000
637 279 0.500000 0.125000
280 548 0.090909 0.166667
548 280 0.166667 0.090909
280 574 1.000000 0.166667
574 280 0.166667 1.000000
280 590 0.035714 0.166667
590 280 0.166667 0.035714
280 637 0.125000 0.166667
637 280 0.166667 0.125000
280 642 0.015873 0.166667
642 280 0.166667 0.015873
281 294 0.076923 0.142857
294 281 0.142857 0.076923
281 359 0.166667 0.142857
359 281 0.142857 0.166667
281 493 0.500000 0.142857
493 281 0.142857 0.500000
281 540 0.030303 0.142857
540 281 0.142857 0.030303
281 587 0.166667 0.142857
587 281 0.142857 0.166667
281 655 0.076923 0.142857
655 281 0.142857 0.076923
282 431 0.333333 0.200000
431 282 0.200000 0.333333
282 496 0.166667 0.200000
496 282 0.200000 0.166667
283 287 0.125000 0.062500
287 283 0.062500 0.125000
283 342 1.000000 0.062500
342 283 0.062500 1.000000
283 442 0.111111 0.062500
442 283 0.062500 0.111111
283 501 0.111111 0.062500
501 283 0.062500 0.111111
283 515 0.090909 0.062500
515 283 0.062500 0.090909
283 516 0.111111 0.062500
516 283 0.062500 0.111111
283 519 0.083333 0.062500
519 283 0.062500 0.083333
283 615 0.023810 0.062500
615 283 0.062500 0.023810
283 642 0.015873 0.062500
642 283 0.062500 0.015873
284 330 0.125000 1.000000
330 284 1.000000 0.125000
285 397 0.142857 0.500000
397 285 0.500000 0.142857
286 389 0.142857 0.166667
389 286 0.166667 0.142857
287 376 0.333333 0.125000
376 287 0.125000 0.333333
287 491 0.071429 0.125000
491 287 0.125000 0.071429
287 584 0.166667 0.125000
584 287 0.125000 0.166667
288 514 0.090909 0.500000
514 288 0.500000 0.090909
289 500 0.125000 0.250000
500 289 0.250000 0.125000
289 674 0.250000 0.250000
674 289 0.250000 0.250000
290 452 0.076923 0.166667
452 290 0.166667 0.076923
290 533 0.090909 0.166667
533 290 0.166667 0.090909
290 664 1.000000 0.166667
664 290 0.166667 1.000000
291 646 0.166667 0.333333
646 291 0.333333 0.166667
292 422 0.142857 1.000000
422 292 1.000000 0.142857
293 533 0.090909 0.333333
533 293 0.333333 0.090909
293 632 0.250000 0.333333
632 293 0.333333 0.250000
294 435 0.333333 0.076923
435 294 0.076923 0.333333
294 612 0.500000 0.076923
612 294 0.076923 0.500000
294 627 0.100000 0.076923
627 294 0.076923 0.100000
295 564 0.142857 0.333333
564 295 0.333333 0.142857
295 577 0.166667 0.333333
577 295 0.333333 0.166667
295 615 0.023810 0.333333
615 295 0.333333 0.023810
296 490 0.250000 0.100000
490 296 0.100000 0.250000
296 513 0.250000 0.100000
513 296 0.100000 0.250000
296 631 0.500000 0.100000
631 296 0.100000 0.500000
297 391 0.125000 0.111111
391 297 0.111111 0.125000
297 458 0.111111 0.111111
458 297 0.111111 0.111111
297 502 0.038462 0.111111
502 297 0.111111 0.038462
297 566 0.500000 0.111111
566 297 0.111111 0.500000
297 615 0.023810 0.111111
615 297 0.111111 0.023810
297 677 0.055556 0.111111
677 297 0.111111 0.055556
298 449 0.500000 0.333333
449 298 0.333333 0.500000
298 656 0.142857 0.333333
656 298 0.333333 0.142857
299 453 0.125000 1.000000
453 299 1.000000 0.125000
300 383 0.200000 1.000000
383 300 1.000000 0.200000
301 324 0.500000 0.166667
324 301 0.166667 0.500000
301 424 0.500000 0.166667
424 301 0.166667 0.500000
301 478 0.050000 0.166667
478 301 0.166667 0.050000
301 632 0.250000 0.166667
632 301 0.166667 0.250000
302 329 0.090909 0.142857
329 302 0.142857 0.090909
302 458 0.111111 0.142857
458 302 0.142857 0.111111
302 665 0.333333 0.142857
665 302 0.142857 0.333333
303 426 0.200000 0.200000
426 303 0.200000 0.200000
304 307 0.250000 0.142857
307 304 0.142857 0.250000
304 395 1.000000 0.142857
395 304 0.142857 1.000000
304 469 1.000000 0.142857
469 304 0.142857 1.000000
304 514 0.090909 0.142857
514 304 0.142857 0.090909
305 306 0.166667 0.031250
306 305 0.031250 0.166667
305 315 0.142857 0.031250
315 305 0.031250 0.142857
305 336 0.111111 0.031250
336 305 0.031250 0.111111
305 384 0.090909 0.031250
384 305 0.031250 0.090909
305 406 0.166667 0.031250
406 305 0.031250 0.166667
305 426 0.200000 0.031250
426 305 0.031250 0.200000
305 478 0.050000 0.031250
478 305 0.031250 0.050000
305 481 0.076923 0.031250
481 305 0.031250 0.076923
305 486 0.250000 0.031250
486 305 0.031250 0.250000
305 491 0.071429 0.031250
491 305 0.031250 0.071429
305 529 0.250000 0.031250
529 305 0.031250 0.250000
305 540 0.030303 0.031250
540 305 0.031250 0.030303
305 579 0.250000 0.031250
579 305 0.031250 0.250000
305 590 0.035714 0.031250
590 305 0.031250 0.035714
305 594 0.100000 0.031250
594 305 0.031250 0.100000
305 611 0.076923 0.031250
611 305 0.031250 0.076923
305 615 0.023810 0.031250
615 305 0.031250 0.023810
305 642 0.015873 0.031250
642 305 0.031250 0.015873
306 545 1.000000 0.166667
545 306 0.166667 1.000000
306 578 0.500000 0.166667
578 306 0.166667 0.500000
306 579 0.250000 0.166667
579 306 0.166667 0.250000
308 369 0.333333 0.166667
369 308 0.166667 0.333333
308 455 0.125000 0.166667
455 308 0.166667 0.125000
308 547 0.090909 0.166667
547 308 0.166667 0.090909
309 648 0.166667 0.333333
648 309 0.333333 0.166667
310 341 0.500000 0.500000
341 310 0.500000 0.500000
310 642 0.015873 0.500000
642 310 0.500000 0.015873
311 589 0.200000 0.500000
589 311 0.500000 0.200000
311 615 0.023810 0.500000
615 311 0.500000 0.023810
312 328 1.000000 0.142857
328 312 0.142857 1.000000
312 348 0.071429 0.142857
348 312 0.142857 0.071429
312 544 0.500000 0.142857
544 312 0.142857 0.500000
313 615 0.023810 0.500000
615 313 0.500000 0.023810
314 474 0.333333 0.200000
474 314 0.200000 0.333333
314 561 0.250000 0.200000
561 314 0.200000 0.250000
314 590 0.035714 0.200000
590 314 0.200000 0.035714
315 336 0.111111 0.142857
336 315 0.142857 0.111111
315 454 0.100000 0.142857
454 315 0.142857 0.100000
315 575 0.500000 0.142857
575 315 0.142857 0.500000
317 329 0.090909 0.333333
329 317 0.333333 0.090909
317 576 0.062500 0.333333
576 317 0.333333 0.062500
319 330 0.125000 0.250000
330 319 0.250000 0.125000
319 660 1.000000 0.250000
660 319 0.250000 1.000000
319 679 0.500000 0.250000
679 319 0.250000 0.500000
321 547 0.090909 0.166667
547 321 0.166667 0.090909
321 592 0.500000 0.166667
592 321 0.166667 0.500000
321 623 0.066667 0.166667
623 321 0.166667 0.066667
322 560 0.058824 1.000000
560 322 1.000000 0.058824
323 430 0.500000 0.500000
430 323 0.500000 0.500000
325 375 0.500000 1.000000
375 325 1.000000 0.500000
326 427 0.250000 1.000000
427 326 1.000000 0.250000
327 414 1.000000 0.333333
414 327 0.333333 1.000000
327 609 0.500000 0.333333
609 327 0.333333 0.500000
329 407 0.142857 0.090909
407 329 0.090909 0.142857
329 482 0.200000 0.090909
482 329 0.090909 0.200000
329 540 0.030303 0.090909
540 329 0.090909 0.030303
329 576 0.062500 0.090909
576 329 0.090909 0.062500
329 587 0.166667 0.090909
587 329 0.090909 0.166667
329 642 0.015873 0.090909
642 329 0.090909 0.015873
330 479 0.250000 0.125000
479 330 0.125000 0.250000
330 638 0.333333 0.125000
638 330 0.125000 0.333333
332 428 0.111111 0.142857
428 332 0.142857 0.111111
332 434 0.111111 0.142857
434 332 0.142857 0.111111
332 535 0.200000 0.142857
535 332 0.142857 0.200000
333 483 0.250000 0.333333
483 333 0.333333 0.250000
334 377 0.166667 0.142857
377 334 0.142857 0.166667
334 506 0.333333 0.142857
506 334 0.142857 0.333333
334 568 0.166667 0.142857
568 334 0.142857 0.166667
334 585 0.250000 0.142857
585 334 0.142857 0.250000
334 649 0.111111 0.142857
649 334 0.142857 0.111111
335 499 0.500000 1.000000
499 335 1.000000 0.500000
336 443 0.142857 0.111111
443 336 0.111111 0.142857
336 454 0.100000 0.111111
454 336 0.111111 0.100000
336 575 0.500000 0.111111
575 336 0.111111 0.500000
336 648 0.166667 0.111111
648 336 0.111111 0.166667
337 509 0.333333 1.000000
509 337 1.000000 0.333333
338 378 0.166667 0.166667
378 338 0.166667 0.166667
338 432 0.200000 0.166667
432 338 0.166667 0.200000
338 475 0.333333 0.166667
475 338 0.166667 0.333333
338 586 0.200000 0.166667
586 338 0.166667 0.200000
338 605 0.100000 0.166667
605 338 0.166667 0.100000
338 624 0.333333 0.166667
624 338 0.166667 0.333333
339 381 0.083333 0.125000
381 339 0.125000 0.083333
339 408 0.076923 0.125000
408 339 0.125000 0.076923
339 514 0.090909 0.125000
514 339 0.125000 0.090909
339 533 0.090909 0.125000
533 339 0.125000 0.090909
339 556 0.166667 0.125000
556 339 0.125000 0.166667
339 644 0.076923 0.125000
644 339 0.125000 0.076923
341 350 0.333333 0.500000
350 341 0.500000 0.333333
343 355 0.250000 1.000000
355 343 1.000000 0.250000
344 536 0.058824 1.000000
536 344 1.000000 0.058824
345 436 0.333333 1.000000
436 345 1.000000 0.333333
347 505 0.200000 0.500000
505 347 0.500000 0.200000
348 349 0.100000 0.071429
349 348 0.071429 0.100000
348 420 0.500000 0.071429
420 348 0.071429 0.500000
348 453 0.125000 0.071429
453 348 0.071429 0.125000
348 560 0.058824 0.071429
560 348 0.071429 0.058824
348 621 0.111111 0.071429
621 348 0.071429 0.111111
348 630 0.076923 0.071429
630 348 0.071429 0.076923
348 642 0.015873 0.071429
642 348 0.071429 0.015873
349 485 0.500000 0.100000
485 349 0.100000 0.500000
349 560 0.058824 0.100000
560 349 0.100000 0.058824
349 590 0.035714 0.100000
590 349 0.100000 0.035714
349 621 0.111111 0.100000
621 349 0.100000 0.111111
349 642 0.015873 0.100000
642 349 0.100000 0.015873
350 661 0.500000 0.333333
661 350 0.333333 0.500000
351 415 0.200000 0.333333
415 351 0.333333 0.200000
351 648 0.166667 0.333333
648 351 0.333333 0.166667
352 384 0.090909 0.111111
384 352 0.111111 0.090909
352 477 0.200000 0.111111
477 352 0.111111 0.200000
352 525 1.000000 0.111111
525 352 0.111111 1.000000
354 417 0.500000 0.250000
417 354 0.250000 0.500000
354 549 0.142857 0.250000
549 354 0.250000 0.142857
354 594 0.100000 0.250000
594 354 0.250000 0.100000
357 497 0.052632 0.500000
497 357 0.500000 0.052632
357 617 1.000000 0.500000
617 357 0.500000 1.000000
358 471 0.500000 0.100000
471 358 0.100000 0.500000
358 497 0.052632 0.100000
497 358 0.100000 0.052632
358 519 0.083333 0.100000
519 358 0.100000 0.083333
358 615 0.023810 0.100000
615 358 0.100000 0.023810
358 636 0.250000 0.100000
636 358 0.100000 0.250000
358 642 0.015873 0.100000
642 358 0.100000 0.015873
359 540 0.030303 0.166667
540 359 0.166667 0.030303
359 573 0.200000 0.166667
573 359 0.166667 0.200000
359 616 0.200000 0.166667
616 359 0.166667 0.200000
360 404 0.166667 0.500000
404 360 0.500000 0.166667
360 636 0.250000 0.500000
636 360 0.500000 0.250000
361 371 0.166667 0.500000
371 361 0.500000 0.166667
362 378 0.166667 0.333333
378 362 0.333333 0.166667
362 510 0.500000 0.333333
510 362 0.333333 0.500000
362 625 0.500000 0.333333
625 362 0.333333 0.500000
363 397 0.142857 0.111111
397 363 0.111111 0.142857
363 571 0.333333 0.111111
571 363 0.111111 0.333333
364 526 0.333333 0.250000
526 364 0.250000 0.333333
364 621 0.111111 0.250000
621 364 0.250000 0.111111
364 623 0.066667 0.250000
623 364 0.250000 0.066667
364 630 0.076923 0.250000
630 364 0.250000 0.076923
365 448 0.100000 0.333333
448 365 0.333333 0.100000
367 560 0.058824 0.500000
560 367 0.500000 0.058824
369 455 0.125000 0.333333
455 369 0.333333 0.125000
369 481 0.076923 0.333333
481 369 0.333333 0.076923
370 463 0.333333 0.333333
463 370 0.333333 0.333333
371 487 1.000000 0.166667
487 371 0.166667 1.000000
371 627 0.100000 0.166667
627 371 0.166667 0.100000
372 511 0.500000 1.000000
511 372 1.000000 0.500000
374 535 0.200000 1.000000
535 374 1.000000 0.200000
375 536 0.058824 0.500000
536 375 0.500000 0.058824
377 568 0.166667 0.166667
568 377 0.166667 0.166667
377 585 0.250000 0.166667
585 377 0.166667 0.250000
377 649 0.111111 0.166667
649 377 0.166667 0.111111
378 475 0.333333 0.166667
475 378 0.166667 0.333333
378 541 0.500000 0.166667
541 378 0.166667 0.500000
378 605 0.100000 0.166667
605 378 0.166667 0.100000
378 625 0.500000 0.166667
625 378 0.166667 0.500000
380 452 0.076923 0.500000
452 380 0.500000 0.076923
381 445 0.125000 0.083333
445 381 0.083333 0.125000
381 468 0.333333 0.083333
468 381 0.083333 0.333333
381 514 0.090909 0.083333
514 381 0.083333 0.090909
381 556 0.166667 0.083333
556 381 0.083333 0.166667
381 615 0.023810 0.083333
615 381 0.083333 0.023810
382 418 0.500000 0.500000
418 382 0.500000 0.500000
383 501 0.111111 0.200000
501 383 0.200000 0.111111
383 503 0.200000 0.200000
503 383 0.200000 0.200000
383 607 1.000000 0.200000
607 383 0.200000 1.000000
383 649 0.111111 0.200000
649 383 0.200000 0.111111
384 477 0.200000 0.090909
477 384 0.090909 0.200000
384 480 0.500000 0.090909
480 384 0.090909 0.500000
384 540 0.030303 0.090909
540 384 0.090909 0.030303
384 567 0.333333 0.090909
567 384 0.090909 0.333333
384 615 0.023810 0.090909
615 384 0.090909 0.023810
385 561 0.250000 1.000000
561 385 1.000000 0.250000
386 540 0.030303 0.250000
540 386 0.250000 0.030303
386 616 0.200000 0.250000
616 386 0.250000 0.200000
387 419 0.333333 0.142857
419 387 0.142857 0.333333
387 499 0.500000 0.142857
499 387 0.142857 0.500000
387 655 0.076923 0.142857
655 387 0.142857 0.076923
388 532 0.111111 1.000000
532 388 1.000000 0.111111
389 675 0.200000 0.142857
675 389 0.142857 0.200000
390 456 0.200000 0.500000
456 390 0.500000 0.200000
391 458 0.111111 0.125000
458 391 0.125000 0.111111
391 546 1.000000 0.125000
546 391 0.125000 1.000000
391 548 0.090909 0.125000
548 391 0.125000 0.090909
391 677 0.055556 0.125000
677 391 0.125000 0.055556
392 615 0.023810 1.000000
615 392 1.000000 0.023810
393 627 0.100000 0.333333
627 393 0.333333 0.100000
394 493 0.500000 0.500000
493 394 0.500000 0.500000
396 572 0.333333 0.500000
572 396 0.500000 0.333333
397 448 0.100000 0.142857
448 397 0.142857 0.100000
397 591 0.142857 0.142857
591 397 0.142857 0.142857
397 620 1.000000 0.142857
620 397 0.142857 1.000000
398 560 0.058824 0.333333
560 398 0.333333 0.058824
399 411 0.500000 0.166667
411 399 0.166667 0.500000
399 565 0.250000 0.166667
565 399 0.166667 0.250000
399 630 0.076923 0.166667
630 399 0.166667 0.076923
400 511 0.500000 0.333333
511 400 0.333333 0.500000
400 553 0.250000 0.333333
553 400 0.333333 0.250000
403 422 0.142857 0.500000
422 403 0.500000 0.142857
403 549 0.142857 0.500000
549 403 0.500000 0.142857
404 497 0.052632 0.166667
497 404 0.166667 0.052632
404 590 0.035714 0.166667
590 404 0.166667 0.035714
404 637 0.125000 0.166667
637 404 0.166667 0.125000
406 443 0.142857 0.166667
443 406 0.166667 0.142857
406 486 0.250000 0.166667
486 406 0.166667 0.250000
406 611 0.076923 0.166667
611 406 0.166667 0.076923
407 408 0.076923 0.142857
408 407 0.142857 0.076923
407 576 0.062500 0.142857
576 407 0.142857 0.062500
407 642 0.015873 0.142857
642 407 0.142857 0.015873
407 677 0.055556 0.142857
677 407 0.142857 0.055556
408 502 0.038462 0.076923
502 408 0.076923 0.038462
408 514 0.090909 0.076923
514 408 0.076923 0.090909
408 556 0.166667 0.076923
556 408 0.076923 0.166667
408 601 0.142857 0.076923
601 408 0.076923 0.142857
408 615 0.023810 0.076923
615 408 0.076923 0.023810
408 644 0.076923 0.076923
644 408 0.076923 0.076923
409 549 0.142857 1.000000
549 409 1.000000 0.142857
410 533 0.090909 0.333333
533 410 0.333333 0.090909
410 540 0.030303 0.333333
540 410 0.333333 0.030303
411 630 0.076923 0.500000
630 411 0.500000 0.076923
412 612 0.500000 0.333333
612 412 0.333333 0.500000
415 623 0.066667 0.200000
623 415 0.200000 0.066667
415 648 0.166667 0.200000
648 415 0.200000 0.166667
416 478 0.050000 0.071429
478 416 0.071429 0.050000
416 502 0.038462 0.071429
502 416 0.071429 0.038462
416 536 0.058824 0.071429
536 416 0.071429 0.058824
416 538 0.125000 0.071429
538 416 0.071429 0.125000
416 576 0.062500 0.071429
576 416 0.071429 0.062500
416 590 0.035714 0.071429
590 416 0.071429 0.035714
416 597 0.200000 0.071429
597 416 0.071429 0.200000
416 622 0.100000 0.071429
622 416 0.071429 0.100000
416 642 0.015873 0.071429
642 416 0.071429 0.015873
417 492 0.500000 0.500000
492 417 0.500000 0.500000
418 652 0.333333 0.500000
652 418 0.500000 0.333333
421 673 1.000000 0.500000
673 421 0.500000 1.000000
422 549 0.142857 0.142857
549 422 0.142857 0.142857
422 644 0.076923 0.142857
644 422 0.142857 0.076923
422 648 0.166667 0.142857
648 422 0.142857 0.166667
422 677 0.055556 0.142857
677 422 0.142857 0.055556
423 464 0.200000 1.000000
464 423 1.000000 0.200000
425 584 0.166667 0.333333
584 425 0.333333 0.166667
427 610 0.333333 0.250000
610 427 0.250000 0.333333
428 502 0.038462 0.111111
502 428 0.111111 0.038462
428 642 0.015873 0.111111
642 428 0.111111 0.015873
429 452 0.076923 1.000000
452 429 1.000000 0.076923
432 576 0.062500 0.200000
576 432 0.200000 0.062500
432 605 0.100000 0.200000
605 432 0.200000 0.100000
432 624 0.333333 0.200000
624 432 0.200000 0.333333
432 642 0.015873 0.200000
642 432 0.200000 0.015873
434 542 0.333333 0.111111
542 434 0.111111 0.333333
436 464 0.200000 0.333333
464 436 0.333333 0.200000
437 458 0.111111 0.200000
458 437 0.200000 0.111111
437 590 0.035714 0.200000
590 437 0.200000 0.035714
437 646 0.166667 0.200000
646 437 0.200000 0.166667
438 550 0.142857 1.000000
550 438 1.000000 0.142857
439 621 0.111111 0.250000
621 439 0.250000 0.111111
439 623 0.066667 0.250000
623 439 0.250000 0.066667
441 656 0.142857 0.250000
656 441 0.250000 0.142857
442 547 0.090909 0.111111
547 442 0.111111 0.090909
442 642 0.015873 0.111111
642 442 0.111111 0.015873
443 454 0.100000 0.142857
454 443 0.142857 0.100000
443 656 0.142857 0.142857
656 443 0.142857 0.142857
444 594 0.100000 1.000000
594 444 1.000000 0.100000
445 560 0.058824 0.125000
560 445 0.125000 0.058824
445 615 0.023810 0.125000
615 445 0.125000 0.023810
445 654 0.166667 0.125000
654 445 0.125000 0.166667
446 459 1.000000 0.200000
459 446 0.200000 1.000000
446 502 0.038462 0.200000
502 446 0.200000 0.038462
446 615 0.023810 0.200000
615 446 0.200000 0.023810
447 560 0.058824 0.333333
560 447 0.333333 0.058824
447 615 0.023810 0.333333
615 447 0.333333 0.023810
448 473 0.333333 0.100000
473 448 0.100000 0.333333
448 591 0.142857 0.100000
591 448 0.100000 0.142857
448 655 0.076923 0.100000
655 448 0.100000 0.076923
449 656 0.142857 0.500000
656 449 0.500000 0.142857
450 567 0.333333 1.000000
567 450 1.000000 0.333333
452 514 0.090909 0.076923
514 452 0.076923 0.090909
452 563 0.333333 0.076923
563 452 0.076923 0.333333
452 615 0.023810 0.076923
615 452 0.076923 0.023810
452 638 0.333333 0.076923
638 452 0.076923 0.333333
452 671 0.142857 0.076923
671 452 0.076923 0.142857
453 539 0.500000 0.125000
539 453 0.125000 0.500000
453 598 0.083333 0.125000
598 453 0.125000 0.083333
453 630 0.076923 0.125000
630 453 0.125000 0.076923
454 515 0.090909 0.100000
515 454 0.100000 0.090909
454 619 0.200000 0.100000
619 454 0.100000 0.200000
455 481 0.076923 0.125000
481 455 0.125000 0.076923
455 483 0.250000 0.125000
483 455 0.125000 0.250000
455 653 1.000000 0.125000
653 455 0.125000 1.000000
456 497 0.052632 0.200000
497 456 0.200000 0.052632
457 522 0.250000 0.500000
522 457 0.500000 0.250000
457 565 0.250000 0.500000
565 457 0.500000 0.250000
458 646 0.166667 0.111111
646 458 0.111111 0.166667
461 529 0.250000 0.250000
529 461 0.250000 0.250000
461 642 0.015873 0.250000
642 461 0.250000 0.015873
462 530 0.500000 0.250000
530 462 0.250000 0.500000
464 472 0.500000 0.200000
472 464 0.200000 0.500000
465 479 0.250000 0.333333
479 465 0.333333 0.250000
465 503 0.200000 0.333333
503 465 0.333333 0.200000
466 501 0.111111 0.111111
501 466 0.111111 0.111111
466 502 0.038462 0.111111
502 466 0.111111 0.038462
466 615 0.023810 0.111111
615 466 0.111111 0.023810
466 671 0.142857 0.111111
671 466 0.111111 0.142857
467 494 0.333333 0.500000
494 467 0.500000 0.333333
468 556 0.166667 0.333333
556 468 0.333333 0.166667
470 506 0.333333 0.333333
506 470 0.333333 0.333333
470 649 0.111111 0.333333
649 470 0.333333 0.111111
471 636 0.250000 0.500000
636 471 0.500000 0.250000
473 591 0.142857 0.333333
591 473 0.333333 0.142857
475 605 0.100000 0.333333
605 475 0.333333 0.100000
476 606 0.250000 0.500000
606 476 0.500000 0.250000
477 547 0.090909 0.200000
547 477 0.200000 0.090909
477 583 1.000000 0.200000
583 477 0.200000 1.000000
478 481 0.076923 0.050000
481 478 0.050000 0.076923
478 491 0.071429 0.050000
491 478 0.050000 0.071429
478 590 0.035714 0.050000
590 478 0.050000 0.035714
478 611 0.076923 0.050000
611 478 0.050000 0.076923
478 622 0.100000 0.050000
622 478 0.050000 0.100000
478 642 0.015873 0.050000
642 478 0.050000 0.015873
479 503 0.200000 0.250000
503 479 0.250000 0.200000
481 491 0.071429 0.076923
491 481 0.076923 0.071429
481 590 0.035714 0.076923
590 481 0.076923 0.035714
481 611 0.076923 0.076923
611 481 0.076923 0.076923
481 642 0.015873 0.076923
642 481 0.076923 0.015873
482 519 0.083333 0.200000
519 482 0.200000 0.083333
482 587 0.166667 0.200000
587 482 0.200000 0.166667
484 642 0.015873 0.333333
642 484 0.333333 0.015873
486 611 0.076923 0.250000
611 486 0.250000 0.076923
488 590 0.035714 0.500000
590 488 0.500000 0.035714
488 642 0.015873 0.500000
642 488 0.500000 0.015873
490 513 0.250000 0.250000
513 490 0.250000 0.250000
491 554 1.000000 0.071429
554 491 0.071429 1.000000
491 590 0.035714 0.071429
590 491 0.071429 0.035714
491 611 0.076923 0.071429
611 491 0.071429 0.076923
491 642 0.015873 0.071429
642 491 0.071429 0.015873
497 500 0.125000 0.052632
500 497 0.052632 0.125000
497 519 0.083333 0.052632
519 497 0.052632 0.083333
497 562 0.142857 0.052632
562 497 0.052632 0.142857
497 564 0.142857 0.052632
564 497 0.052632 0.142857
497 591 0.142857 0.052632
591 497 0.052632 0.142857
497 598 0.083333 0.052632
598 497 0.052632 0.083333
497 622 0.100000 0.052632
622 497 0.052632 0.100000
497 655 0.076923 0.052632
655 497 0.052632 0.076923
500 540 0.030303 0.125000
540 500 0.125000 0.030303
500 598 0.083333 0.125000
598 500 0.125000 0.083333
500 668 1.000000 0.125000
668 500 0.125000 1.000000
500 674 0.250000 0.125000
674 500 0.125000 0.250000
501 622 0.100000 0.111111
622 501 0.111111 0.100000
501 642 0.015873 0.111111
642 501 0.111111 0.015873
501 649 0.111111 0.111111
649 501 0.111111 0.111111
502 514 0.090909 0.038462
514 502 0.038462 0.090909
502 523 0.111111 0.038462
523 502 0.038462 0.111111
502 601 0.142857 0.038462
601 502 0.038462 0.142857
502 615 0.023810 0.038462
615 502 0.038462 0.023810
502 622 0.100000 0.038462
622 502 0.038462 0.100000
502 642 0.015873 0.038462
642 502 0.038462 0.015873
502 671 0.142857 0.038462
671 502 0.038462 0.142857
503 536 0.058824 0.200000
536 503 0.200000 0.058824
505 552 1.000000 0.200000
552 505 0.200000 1.000000
505 590 0.035714 0.200000
590 505 0.200000 0.035714
506 649 0.111111 0.333333
649 506 0.333333 0.111111
507 603 0.333333 0.500000
603 507 0.500000 0.333333
509 540 0.030303 0.333333
540 509 0.333333 0.030303
512 636 0.250000 1.000000
636 512 1.000000 0.250000
514 563 0.333333 0.090909
563 514 0.090909 0.333333
515 516 0.111111 0.090909
516 515 0.090909 0.111111
515 534 0.125000 0.090909
534 515 0.090909 0.125000
515 537 0.250000 0.090909
537 515 0.090909 0.250000
515 642 0.015873 0.090909
642 515 0.090909 0.015873
515 677 0.055556 0.090909
677 515 0.090909 0.055556
516 534 0.125000 0.111111
534 516 0.111111 0.125000
516 537 0.250000 0.111111
537 516 0.111111 0.250000
516 590 0.035714 0.111111
590 516 0.111111 0.035714
516 635 0.333333 0.111111
635 516 0.111111 0.333333
519 615 0.023810 0.083333
615 519 0.083333 0.023810
519 642 0.015873 0.083333
642 519 0.083333 0.015873
520 606 0.250000 0.250000
606 520 0.250000 0.250000
522 662 1.000000 0.250000
662 522 0.250000 1.000000
523 601 0.142857 0.111111
601 523 0.111111 0.142857
523 602 0.500000 0.111111
602 523 0.111111 0.500000
523 656 0.142857 0.111111
656 523 0.111111 0.142857
526 630 0.076923 0.333333
630 526 0.333333 0.076923
528 540 0.030303 0.333333
540 528 0.333333 0.030303
528 573 0.200000 0.333333
573 528 0.333333 0.200000
532 590 0.035714 0.111111
590 532 0.111111 0.035714
533 586 0.200000 0.090909
586 533 0.090909 0.200000
533 618 0.142857 0.090909
618 533 0.090909 0.142857
533 632 0.250000 0.090909
632 533 0.090909 0.250000
534 537 0.250000 0.125000
537 534 0.125000 0.250000
536 538 0.125000 0.058824
538 536 0.058824 0.125000
536 576 0.062500 0.058824
576 536 0.058824 0.062500
536 642 0.015873 0.058824
642 536 0.058824 0.015873
536 675 0.200000 0.058824
675 536 0.058824 0.200000
536 677 0.055556 0.058824
677 536 0.058824 0.055556
537 635 0.333333 0.250000
635 537 0.250000 0.333333
538 576 0.062500 0.125000
576 538 0.125000 0.062500
538 597 0.200000 0.125000
597 538 0.125000 0.200000
538 642 0.015873 0.125000
642 538 0.125000 0.015873
540 548 0.090909 0.030303
548 540 0.030303 0.090909
540 556 0.166667 0.030303
556 540 0.030303 0.166667
540 573 0.200000 0.030303
573 540 0.030303 0.200000
540 587 0.166667 0.030303
587 540 0.030303 0.166667
540 615 0.023810 0.030303
615 540 0.030303 0.023810
540 616 0.200000 0.030303
616 540 0.030303 0.200000
540 644 0.076923 0.030303
644 540 0.030303 0.076923
540 655 0.076923 0.030303
655 540 0.030303 0.076923
540 674 0.250000 0.030303
674 540 0.030303 0.250000
540 677 0.055556 0.030303
677 540 0.030303 0.055556
547 550 0.142857 0.090909
550 547 0.090909 0.142857
548 647 1.000000 0.090909
647 548 0.090909 1.000000
549 598 0.083333 0.142857
598 549 0.142857 0.083333
549 623 0.066667 0.142857
623 549 0.142857 0.066667
549 672 0.200000 0.142857
672 549 0.142857 0.200000
550 568 0.166667 0.142857
568 550 0.142857 0.166667
553 572 0.333333 0.250000
572 553 0.250000 0.333333
557 609 0.500000 0.333333
609 557 0.333333 0.500000
560 615 0.023810 0.058824
615 560 0.058824 0.023810
560 642 0.015873 0.058824
642 560 0.058824 0.015873
560 654 0.166667 0.058824
654 560 0.058824 0.166667
561 590 0.035714 0.250000
590 561 0.250000 0.035714
562 655 0.076923 0.142857
655 562 0.142857 0.076923
564 577 0.166667 0.142857
577 564 0.142857 0.166667
564 618 0.142857 0.142857
618 564 0.142857 0.142857
565 592 0.500000 0.250000
592 565 0.250000 0.500000
568 649 0.111111 0.166667
649 568 0.166667 0.111111
568 665 0.333333 0.166667
665 568 0.166667 0.333333
569 588 0.500000 1.000000
588 569 1.000000 0.500000
571 626 1.000000 0.333333
626 571 0.333333 1.000000
576 642 0.015873 0.062500
642 576 0.062500 0.015873
576 677 0.055556 0.062500
677 576 0.062500 0.055556
577 615 0.023810 0.166667
615 577 0.166667 0.023810
577 644 0.076923 0.166667
644 577 0.166667 0.076923
580 645 0.333333 1.000000
645 580 1.000000 0.333333
581 659 0.250000 0.500000
659 581 0.500000 0.250000
586 605 0.100000 0.200000
605 586 0.200000 0.100000
586 618 0.142857 0.200000
618 586 0.200000 0.142857
589 615 0.023810 0.200000
615 589 0.200000 0.023810
589 678 0.200000 0.200000
678 589 0.200000 0.200000
590 611 0.076923 0.035714
611 590 0.035714 0.076923
590 634 0.500000 0.035714
634 590 0.035714 0.500000
590 637 0.125000 0.035714
637 590 0.035714 0.125000
590 642 0.015873 0.035714
642 590 0.035714 0.015873
593 623 0.066667 1.000000
623 593 1.000000 0.066667
596 629 0.500000 1.000000
629 596 1.000000 0.500000
597 622 0.100000 0.200000
622 597 0.200000 0.100000
597 642 0.015873 0.200000
642 597 0.200000 0.015873
598 623 0.066667 0.083333
623 598 0.083333 0.066667
598 672 0.200000 0.083333
672 598 0.083333 0.200000
601 642 0.015873 0.142857
642 601 0.142857 0.015873
603 642 0.015873 0.333333
642 603 0.333333 0.015873
605 618 0.142857 0.100000
618 605 0.100000 0.142857
605 624 0.333333 0.100000
624 605 0.100000 0.333333
605 655 0.076923 0.100000
655 605 0.100000 0.076923
608 677 0.055556 0.500000
677 608 0.500000 0.055556
611 642 0.015873 0.076923
642 611 0.076923 0.015873
615 642 0.015873 0.023810
642 615 0.023810 0.015873
615 654 0.166667 0.023810
654 615 0.023810 0.166667
615 678 0.200000 0.023810
678 615 0.023810 0.200000
618 658 0.500000 0.142857
658 618 0.142857 0.500000
618 667 1.000000 0.142857
667 618 0.142857 1.000000
621 623 0.066667 0.111111
623 621 0.111111 0.066667
623 672 0.200000 0.066667
672 623 0.066667 0.200000
628 670 0.333333 0.500000
670 628 0.500000 0.333333
633 639 0.500000 0.500000
639 633 0.500000 0.500000
634 645 0.333333 0.500000
645 634 0.500000 0.333333
642 651 1.000000 0.015873
651 642 0.015873 1.000000
642 671 0.142857 0.015873
671 642 0.015873 0.142857
642 678 0.200000 0.015873
678 642 0.015873 0.200000
665 677 0.055556 0.333333
677 665 0.333333 0.055556
666 677 0.055556 1.000000
677 666 1.000000 0.055556
